,A,M,S,L_e,N_t,P_r,N_b,B_i,B_ii,Nu
0,0.0,0.0,0.1,0.2,0.1,1,0.1,10,10,1.1254024571450176
1,0.0,0.0,0.1,0.2,0.2,1,0.1,10,10,1.1957113467471272
2,0.0,0.0,0.1,0.2,0.3,1,0.1,10,10,1.2711097654241914
3,0.0,0.0,0.1,0.2,0.4,1,0.1,10,10,1.3520651786911408
4,0.0,0.0,0.1,0.4,0.1,1,0.1,10,10,1.125403253220292
5,0.0,0.0,0.1,0.4,0.2,1,0.1,10,10,1.1957133519849124
6,0.0,0.0,0.1,0.4,0.3,1,0.1,10,10,1.2711138983168633
7,0.0,0.0,0.1,0.4,0.4,1,0.1,10,10,1.3520726111489396
8,0.0,0.0,0.1,0.6,0.1,1,0.1,10,10,1.125404049024051
9,0.0,0.0,0.1,0.6,0.2,1,0.1,10,10,1.1957153565395306
10,0.0,0.0,0.1,0.6,0.3,1,0.1,10,10,1.271118029764695
11,0.0,0.0,0.1,0.6,0.4,1,0.1,10,10,1.3520800409630689
12,0.0,0.0,0.1,0.8,0.1,1,0.1,10,10,1.1254048445563485
13,0.0,0.0,0.1,0.8,0.2,1,0.1,10,10,1.195717360411201
14,0.0,0.0,0.1,0.8,0.3,1,0.1,10,10,1.2711221597682194
15,0.0,0.0,0.1,0.8,0.4,1,0.1,10,10,1.3520874681345654
16,0.0,0.0,0.2,0.2,0.1,1,0.1,10,10,1.1238270332035556
17,0.0,0.0,0.2,0.2,0.2,1,0.1,10,10,1.1940119495353618
18,0.0,0.0,0.2,0.2,0.3,1,0.1,10,10,1.26927396858071
19,0.0,0.0,0.2,0.2,0.4,1,0.1,10,10,1.3500789748581026
20,0.0,0.0,0.2,0.4,0.1,1,0.1,10,10,1.1238294784109797
21,0.0,0.0,0.2,0.4,0.2,1,0.1,10,10,1.1940168790208172
22,0.0,0.0,0.2,0.4,0.3,1,0.1,10,10,1.269283226877441
23,0.0,0.0,0.2,0.4,0.4,1,0.1,10,10,1.3500949154882902
24,0.0,0.0,0.2,0.6,0.1,1,0.1,10,10,1.123831921975211
25,0.0,0.0,0.2,0.6,0.2,1,0.1,10,10,1.1940218051845453
26,0.0,0.0,0.2,0.6,0.3,1,0.1,10,10,1.2692924787786797
27,0.0,0.0,0.2,0.6,0.4,1,0.1,10,10,1.3501108449093884
28,0.0,0.0,0.2,0.8,0.1,1,0.1,10,10,1.1238343638967196
29,0.0,0.0,0.2,0.8,0.2,1,0.1,10,10,1.1940267280282912
30,0.0,0.0,0.2,0.8,0.3,1,0.1,10,10,1.2693017242886404
31,0.0,0.0,0.2,0.8,0.4,1,0.1,10,10,1.3501267631295215
32,0.0,0.0,0.3,0.2,0.1,1,0.1,10,10,1.1224906155395062
33,0.0,0.0,0.3,0.2,0.2,1,0.1,10,10,1.1925649537480008
34,0.0,0.0,0.3,0.2,0.3,1,0.1,10,10,1.2677048820115426
35,0.0,0.0,0.3,0.2,0.4,1,0.1,10,10,1.3483747979209846
36,0.0,0.0,0.3,0.4,0.1,1,0.1,10,10,1.1224955961681389
37,0.0,0.0,0.3,0.4,0.2,1,0.1,10,10,1.1925737651800206
38,0.0,0.0,0.3,0.4,0.3,1,0.1,10,10,1.2677203035805849
39,0.0,0.0,0.3,0.4,0.4,1,0.1,10,10,1.3484003759816248
40,0.0,0.0,0.3,0.6,0.1,1,0.1,10,10,1.1225005718229677
41,0.0,0.0,0.3,0.6,0.2,1,0.1,10,10,1.1925825677976107
42,0.0,0.0,0.3,0.6,0.3,1,0.1,10,10,1.2677357093715391
43,0.0,0.0,0.3,0.6,0.4,1,0.1,10,10,1.3484259274125951
44,0.0,0.0,0.3,0.8,0.1,1,0.1,10,10,1.1225055425056338
45,0.0,0.0,0.3,0.8,0.2,1,0.1,10,10,1.1925913616065804
46,0.0,0.0,0.3,0.8,0.3,1,0.1,10,10,1.2677510993982781
47,0.0,0.0,0.3,0.8,0.4,1,0.1,10,10,1.3484514522404871
48,0.0,0.0,0.4,0.2,0.1,1,0.1,10,10,1.121402558255787
49,0.0,0.0,0.4,0.2,0.2,1,0.1,10,10,1.1913802252408177
50,0.0,0.0,0.4,0.2,0.3,1,0.1,10,10,1.2664129166944853
51,0.0,0.0,0.4,0.2,0.4,1,0.1,10,10,1.3469636406079937
52,0.0,0.0,0.4,0.4,0.1,1,0.1,10,10,1.1214109960565908
53,0.0,0.0,0.4,0.4,0.2,1,0.1,10,10,1.1913939175977477
54,0.0,0.0,0.4,0.4,0.3,1,0.1,10,10,1.266435587805168
55,0.0,0.0,0.4,0.4,0.4,1,0.1,10,10,1.3470000425164457
56,0.0,0.0,0.4,0.6,0.1,1,0.1,10,10,1.1214194227041725
57,0.0,0.0,0.4,0.6,0.2,1,0.1,10,10,1.1914075918754816
58,0.0,0.0,0.4,0.6,0.3,1,0.1,10,10,1.2664582283975303
59,0.0,0.0,0.4,0.6,0.4,1,0.1,10,10,1.347036394616248
60,0.0,0.0,0.4,0.8,0.1,1,0.1,10,10,1.121427838202346
61,0.0,0.0,0.4,0.8,0.2,1,0.1,10,10,1.191421248087229
62,0.0,0.0,0.4,0.8,0.3,1,0.1,10,10,1.2664808385030382
63,0.0,0.0,0.4,0.8,0.4,1,0.1,10,10,1.3470726969676148
64,0.0,0.0,0.5,0.2,0.1,1,0.1,10,10,1.1205725745918054
65,0.0,0.0,0.5,0.2,0.2,1,0.1,10,10,1.190468006740849
66,0.0,0.0,0.5,0.2,0.3,1,0.1,10,10,1.2654088793228089
67,0.0,0.0,0.5,0.2,0.4,1,0.1,10,10,1.345856911445767
68,0.0,0.0,0.5,0.4,0.1,1,0.1,10,10,1.1205854291606072
69,0.0,0.0,0.5,0.4,0.2,1,0.1,10,10,1.1904876230499537
70,0.0,0.0,0.5,0.4,0.3,1,0.1,10,10,1.2654399379021537
71,0.0,0.0,0.5,0.4,0.4,1,0.1,10,10,1.3459053846500204
72,0.0,0.0,0.5,0.6,0.1,1,0.1,10,10,1.1205982626267446
73,0.0,0.0,0.5,0.6,0.2,1,0.1,10,10,1.190507207307687
74,0.0,0.0,0.5,0.6,0.3,1,0.1,10,10,1.265470944944774
75,0.0,0.0,0.5,0.6,0.4,1,0.1,10,10,1.3459537762440608
76,0.0,0.0,0.5,0.8,0.1,1,0.1,10,10,1.1206110749969875
77,0.0,0.0,0.5,0.8,0.2,1,0.1,10,10,1.1905267595379283
78,0.0,0.0,0.5,0.8,0.3,1,0.1,10,10,1.2655019005080697
79,0.0,0.0,0.5,0.8,0.4,1,0.1,10,10,1.3460020863380782
80,0.0,0.0,0.6,0.2,0.1,1,0.1,10,10,1.1200107431637172
81,0.0,0.0,0.6,0.2,0.2,1,0.1,10,10,1.1898389241567493
82,0.0,0.0,0.6,0.2,0.3,1,0.1,10,10,1.2647039786832648
83,0.0,0.0,0.6,0.2,0.4,1,0.1,10,10,1.3450664412050193
84,0.0,0.0,0.6,0.4,0.1,1,0.1,10,10,1.120029014489888
85,0.0,0.0,0.6,0.4,0.2,1,0.1,10,10,1.189865554457472
86,0.0,0.0,0.6,0.4,0.3,1,0.1,10,10,1.2647446178027355
87,0.0,0.0,0.6,0.4,0.4,1,0.1,10,10,1.3451282983320243
88,0.0,0.0,0.6,0.6,0.1,1,0.1,10,10,1.12004725004144
89,0.0,0.0,0.6,0.6,0.2,1,0.1,10,10,1.1898921330770134
90,0.0,0.0,0.6,0.6,0.3,1,0.1,10,10,1.2647851771796064
91,0.0,0.0,0.6,0.6,0.4,1,0.1,10,10,1.3451900326105817
92,0.0,0.0,0.6,0.8,0.1,1,0.1,10,10,1.1200654498276927
93,0.0,0.0,0.6,0.8,0.2,1,0.1,10,10,1.1899186600515443
94,0.0,0.0,0.6,0.8,0.3,1,0.1,10,10,1.2648256569034628
95,0.0,0.0,0.6,0.8,0.4,1,0.1,10,10,1.3452516442144726
96,0.0,0.0,0.7,0.2,0.1,1,0.1,10,10,1.1197275141505219
97,0.0,0.0,0.7,0.2,0.2,1,0.1,10,10,1.1895039928086195
98,0.0,0.0,0.7,0.2,0.3,1,0.1,10,10,1.2643098319252877
99,0.0,0.0,0.7,0.2,0.4,1,0.1,10,10,1.3446044892073332
100,0.0,0.0,0.7,0.4,0.1,1,0.1,10,10,1.1197522453450524
101,0.0,0.0,0.7,0.4,0.2,1,0.1,10,10,1.1895387773258823
102,0.0,0.0,0.7,0.4,0.3,1,0.1,10,10,1.2643613035372552
103,0.0,0.0,0.7,0.4,0.4,1,0.1,10,10,1.3446811125122362
104,0.0,0.0,0.7,0.6,0.1,1,0.1,10,10,1.1197769203871175
105,0.0,0.0,0.7,0.6,0.2,1,0.1,10,10,1.1895734839127952
106,0.0,0.0,0.7,0.6,0.3,1,0.1,10,10,1.2644126591228702
107,0.0,0.0,0.7,0.6,0.4,1,0.1,10,10,1.3447575615433045
108,0.0,0.0,0.7,0.8,0.1,1,0.1,10,10,1.119801539285364
109,0.0,0.0,0.7,0.8,0.2,1,0.1,10,10,1.189608112615363
110,0.0,0.0,0.7,0.8,0.3,1,0.1,10,10,1.2644638988043346
111,0.0,0.0,0.7,0.8,0.4,1,0.1,10,10,1.3448338365432442
112,0.0,0.0,0.8,0.2,0.1,1,0.1,10,10,1.119733715496419
113,0.0,0.0,0.8,0.2,0.2,1,0.1,10,10,1.1894746236495908
114,0.0,0.0,0.8,0.2,0.3,1,0.1,10,10,1.264238470795763
115,0.0,0.0,0.8,0.2,0.4,1,0.1,10,10,1.3444837495697732
116,0.0,0.0,0.8,0.4,0.1,1,0.1,10,10,1.1197659957141286
117,0.0,0.0,0.8,0.4,0.2,1,0.1,10,10,1.1895187561947742
118,0.0,0.0,0.8,0.4,0.3,1,0.1,10,10,1.264302089741027
119,0.0,0.0,0.8,0.4,0.4,1,0.1,10,10,1.3445765957121407
120,0.0,0.0,0.8,0.6,0.1,1,0.1,10,10,1.1197981926821214
121,0.0,0.0,0.8,0.6,0.2,1,0.1,10,10,1.1895627769722703
122,0.0,0.0,0.8,0.6,0.3,1,0.1,10,10,1.2643655474362938
123,0.0,0.0,0.8,0.6,0.4,1,0.1,10,10,1.3446692052977085
124,0.0,0.0,0.8,0.8,0.1,1,0.1,10,10,1.1198303063998
125,0.0,0.0,0.8,0.8,0.2,1,0.1,10,10,1.1896066860277088
126,0.0,0.0,0.8,0.8,0.3,1,0.1,10,10,1.2644288440256757
127,0.0,0.0,0.8,0.8,0.4,1,0.1,10,10,1.3447615786274505
128,0.0,0.0,0.9,0.2,0.1,1,0.1,10,10,1.1200405592698306
129,0.0,0.0,0.9,0.2,0.2,1,0.1,10,10,1.189762629631512
130,0.0,0.0,0.9,0.2,0.3,1,0.1,10,10,1.2645023480044826
131,0.0,0.0,0.9,0.2,0.4,1,0.1,10,10,1.3447173575664642
132,0.0,0.0,0.9,0.4,0.1,1,0.1,10,10,1.1200815268426725
133,0.0,0.0,0.9,0.4,0.2,1,0.1,10,10,1.1898173612513556
134,0.0,0.0,0.9,0.4,0.3,1,0.1,10,10,1.2645794963154708
135,0.0,0.0,0.9,0.4,0.4,1,0.1,10,10,1.3448279627438708
136,0.0,0.0,0.9,0.6,0.1,1,0.1,10,10,1.120122376306786
137,0.0,0.0,0.9,0.6,0.2,1,0.1,10,10,1.1898719387077632
138,0.0,0.0,0.9,0.6,0.3,1,0.1,10,10,1.2646564283910158
139,0.0,0.0,0.9,0.6,0.4,1,0.1,10,10,1.3449382576535112
140,0.0,0.0,0.9,0.8,0.1,1,0.1,10,10,1.1201631076346616
141,0.0,0.0,0.9,0.8,0.2,1,0.1,10,10,1.1899263620228853
142,0.0,0.0,0.9,0.8,0.3,1,0.1,10,10,1.264733144368039
143,0.0,0.0,0.9,0.8,0.4,1,0.1,10,10,1.3450482426177366
144,0.0,0.0,1.0,0.2,0.1,1,0.1,10,10,1.1206596481851028
145,0.0,0.0,1.0,0.2,0.2,1,0.1,10,10,1.190380232207688
146,0.0,0.0,1.0,0.2,0.3,1,0.1,10,10,1.2651143436994396
147,0.0,0.0,1.0,0.2,0.4,1,0.1,10,10,1.3453188960710456
148,0.0,0.0,1.0,0.4,0.1,1,0.1,10,10,1.1207104939830277
149,0.0,0.0,1.0,0.4,0.2,1,0.1,10,10,1.1904468751011714
150,0.0,0.0,1.0,0.4,0.3,1,0.1,10,10,1.2652064752234888
151,0.0,0.0,1.0,0.4,0.4,1,0.1,10,10,1.3454488815397392
152,0.0,0.0,1.0,0.6,0.1,1,0.1,10,10,1.1207611779819255
153,0.0,0.0,1.0,0.6,0.2,1,0.1,10,10,1.1905133119123
154,0.0,0.0,1.0,0.6,0.3,1,0.1,10,10,1.2652983249971257
155,0.0,0.0,1.0,0.6,0.4,1,0.1,10,10,1.345578471154954
156,0.0,0.0,1.0,0.8,0.1,1,0.1,10,10,1.1208117000953797
157,0.0,0.0,1.0,0.8,0.2,1,0.1,10,10,1.190579542596672
158,0.0,0.0,1.0,0.8,0.3,1,0.1,10,10,1.265389893092848
159,0.0,0.0,1.0,0.8,0.4,1,0.1,10,10,1.3457076651838449
160,0.0,0.5,0.1,0.2,0.1,1,0.1,10,10,1.125405021129189
161,0.0,0.5,0.1,0.2,0.2,1,0.1,10,10,1.1957141177212207
162,0.0,0.5,0.1,0.2,0.3,1,0.1,10,10,1.271112764006873
163,0.0,0.5,0.1,0.2,0.4,1,0.1,10,10,1.35206842804797
164,0.0,0.5,0.1,0.4,0.1,1,0.1,10,10,1.12540581311393
165,0.0,0.5,0.1,0.4,0.2,1,0.1,10,10,1.19571611615093
166,0.0,0.5,0.1,0.4,0.3,1,0.1,10,10,1.2711168854297008
167,0.0,0.5,0.1,0.4,0.4,1,0.1,10,10,1.3520758418962444
168,0.0,0.5,0.1,0.6,0.1,1,0.1,10,10,1.1254066048290683
169,0.0,0.5,0.1,0.6,0.2,1,0.1,10,10,1.1957181139011472
170,0.0,0.5,0.1,0.6,0.3,1,0.1,10,10,1.2711210054145965
171,0.0,0.5,0.1,0.6,0.4,1,0.1,10,10,1.3520832531128202
172,0.0,0.5,0.1,0.8,0.1,1,0.1,10,10,1.1254073962746571
173,0.0,0.5,0.1,0.8,0.2,1,0.1,10,10,1.19572011097209
174,0.0,0.5,0.1,0.8,0.3,1,0.1,10,10,1.2711251239620884
175,0.0,0.5,0.1,0.8,0.4,1,0.1,10,10,1.3520906616987272
176,0.0,0.5,0.2,0.2,0.1,1,0.1,10,10,1.1238303669804088
177,0.0,0.5,0.2,0.2,0.2,1,0.1,10,10,1.194015598484894
178,0.0,0.5,0.2,0.2,0.3,1,0.1,10,10,1.2692779674212329
179,0.0,0.5,0.2,0.2,0.4,1,0.1,10,10,1.3500833627540163
180,0.0,0.5,0.2,0.4,0.1,1,0.1,10,10,1.1238327970596296
181,0.0,0.5,0.2,0.4,0.2,1,0.1,10,10,1.1940205068175516
182,0.0,0.5,0.2,0.4,0.3,1,0.1,10,10,1.2692871945475088
183,0.0,0.5,0.2,0.4,0.4,1,0.1,10,10,1.3500992571029993
184,0.0,0.5,0.2,0.6,0.1,1,0.1,10,10,1.1238352255089326
185,0.0,0.5,0.2,0.6,0.2,1,0.1,10,10,1.1940254118491394
186,0.0,0.5,0.2,0.6,0.3,1,0.1,10,10,1.2692964153121913
187,0.0,0.5,0.2,0.6,0.4,1,0.1,10,10,1.3501151402973046
188,0.0,0.5,0.2,0.8,0.1,1,0.1,10,10,1.1238376523287823
189,0.0,0.5,0.2,0.8,0.2,1,0.1,10,10,1.194030313581394
190,0.0,0.5,0.2,0.8,0.3,1,0.1,10,10,1.2693056297194696
191,0.0,0.5,0.2,0.8,0.4,1,0.1,10,10,1.3501310123450057
192,0.0,0.5,0.3,0.2,0.1,1,0.1,10,10,1.1224927776131457
193,0.0,0.5,0.3,0.2,0.2,1,0.1,10,10,1.1925674322240174
194,0.0,0.5,0.3,0.2,0.3,1,0.1,10,10,1.2677077186480206
195,0.0,0.5,0.3,0.2,0.4,1,0.1,10,10,1.3483780401197183
196,0.0,0.5,0.3,0.4,0.1,1,0.1,10,10,1.1224977245791052
197,0.0,0.5,0.3,0.4,0.2,1,0.1,10,10,1.192576200000414
198,0.0,0.5,0.3,0.4,0.3,1,0.1,10,10,1.2677230804078623
199,0.0,0.5,0.3,0.4,0.4,1,0.1,10,10,1.3484035343541678
200,0.0,0.5,0.3,0.6,0.1,1,0.1,10,10,1.1225026666142586
201,0.0,0.5,0.3,0.6,0.2,1,0.1,10,10,1.1925849590226152
202,0.0,0.5,0.3,0.6,0.3,1,0.1,10,10,1.2677384264801097
203,0.0,0.5,0.3,0.6,0.4,1,0.1,10,10,1.3484290020958216
204,0.0,0.5,0.3,0.8,0.1,1,0.1,10,10,1.1225076037202366
205,0.0,0.5,0.3,0.8,0.2,1,0.1,10,10,1.1925937092963932
206,0.0,0.5,0.3,0.8,0.3,1,0.1,10,10,1.2677537568785584
207,0.0,0.5,0.3,0.8,0.4,1,0.1,10,10,1.3484544433711203
208,0.0,0.5,0.4,0.2,0.1,1,0.1,10,10,1.1214014515631632
209,0.0,0.5,0.4,0.2,0.2,1,0.1,10,10,1.1913793206576375
210,0.0,0.5,0.4,0.2,0.3,1,0.1,10,10,1.2664122553909083
211,0.0,0.5,0.4,0.2,0.4,1,0.1,10,10,1.3469632698372809
212,0.0,0.5,0.4,0.4,0.1,1,0.1,10,10,1.1214098290737808
213,0.0,0.5,0.4,0.4,0.2,1,0.1,10,10,1.191392938022782
214,0.0,0.5,0.4,0.4,0.3,1,0.1,10,10,1.2664348283453986
215,0.0,0.5,0.4,0.4,0.4,1,0.1,10,10,1.3469995396161822
216,0.0,0.5,0.4,0.6,0.1,1,0.1,10,10,1.121418195531799
217,0.0,0.5,0.4,0.6,0.2,1,0.1,10,10,1.191406537440828
218,0.0,0.5,0.4,0.6,0.3,1,0.1,10,10,1.2664573709678624
219,0.0,0.5,0.4,0.6,0.4,1,0.1,10,10,1.3470357598549096
220,0.0,0.5,0.4,0.8,0.1,1,0.1,10,10,1.1214265509410213
221,0.0,0.5,0.4,0.8,0.2,1,0.1,10,10,1.1914201189249278
222,0.0,0.5,0.4,0.8,0.3,1,0.1,10,10,1.2664798832896078
223,0.0,0.5,0.4,0.8,0.4,1,0.1,10,10,1.347071930613371
224,0.0,0.5,0.5,0.2,0.1,1,0.1,10,10,1.1205659379644797
225,0.0,0.5,0.5,0.2,0.2,1,0.1,10,10,1.1904613334046843
226,0.0,0.5,0.5,0.2,0.3,1,0.1,10,10,1.2654022016370572
227,0.0,0.5,0.5,0.2,0.4,1,0.1,10,10,1.3458502674740978
228,0.0,0.5,0.5,0.4,0.1,1,0.1,10,10,1.1205786968753426
229,0.0,0.5,0.5,0.4,0.2,1,0.1,10,10,1.1904808338183732
230,0.0,0.5,0.5,0.4,0.3,1,0.1,10,10,1.2654331131659573
231,0.0,0.5,0.5,0.4,0.4,1,0.1,10,10,1.3458985485204449
232,0.0,0.5,0.5,0.6,0.1,1,0.1,10,10,1.1205914348798809
233,0.0,0.5,0.5,0.6,0.2,1,0.1,10,10,1.190500302427027
234,0.0,0.5,0.5,0.6,0.3,1,0.1,10,10,1.2654639734889772
235,0.0,0.5,0.5,0.6,0.4,1,0.1,10,10,1.3459467484142027
236,0.0,0.5,0.5,0.8,0.1,1,0.1,10,10,1.1206041519848708
237,0.0,0.5,0.5,0.8,0.2,1,0.1,10,10,1.190519739254458
238,0.0,0.5,0.5,0.8,0.3,1,0.1,10,10,1.2654947826633014
239,0.0,0.5,0.5,0.8,0.4,1,0.1,10,10,1.3459948672651059
240,0.0,0.5,0.6,0.2,0.1,1,0.1,10,10,1.1199961425052931
241,0.0,0.5,0.6,0.2,0.2,1,0.1,10,10,1.1898239140019835
242,0.0,0.5,0.6,0.2,0.3,1,0.1,10,10,1.2646885737344742
243,0.0,0.5,0.6,0.2,0.4,1,0.1,10,10,1.3450506606092072
244,0.0,0.5,0.6,0.4,0.1,1,0.1,10,10,1.1200142733626537
245,0.0,0.5,0.6,0.4,0.2,1,0.1,10,10,1.1898503771376836
246,0.0,0.5,0.6,0.4,0.3,1,0.1,10,10,1.2647290054476636
247,0.0,0.5,0.6,0.4,0.4,1,0.1,10,10,1.3451122527692192
248,0.0,0.5,0.6,0.6,0.1,1,0.1,10,10,1.120032368786367
249,0.0,0.5,0.6,0.6,0.2,1,0.1,10,10,1.1898767890055353
250,0.0,0.5,0.6,0.6,0.3,1,0.1,10,10,1.2647693579517243
251,0.0,0.5,0.6,0.6,0.4,1,0.1,10,10,1.3451737227925276
252,0.0,0.5,0.6,0.8,0.1,1,0.1,10,10,1.1200504287858366
253,0.0,0.5,0.6,0.8,0.2,1,0.1,10,10,1.1899031496417274
254,0.0,0.5,0.6,0.8,0.3,1,0.1,10,10,1.2648096313360853
255,0.0,0.5,0.6,0.8,0.4,1,0.1,10,10,1.3452350708524667
256,0.0,0.5,0.7,0.2,0.1,1,0.1,10,10,1.1197023333156748
257,0.0,0.5,0.7,0.2,0.2,1,0.1,10,10,1.189477885827212
258,0.0,0.5,0.7,0.2,0.3,1,0.1,10,10,1.2642827863455337
259,0.0,0.5,0.7,0.2,0.4,1,0.1,10,10,1.3445764948150891
260,0.0,0.5,0.7,0.4,0.1,1,0.1,10,10,1.1197268690235571
261,0.0,0.5,0.7,0.4,0.2,1,0.1,10,10,1.1895124406748312
262,0.0,0.5,0.7,0.4,0.3,1,0.1,10,10,1.2643339777368643
263,0.0,0.5,0.7,0.4,0.4,1,0.1,10,10,1.3446527664095893
264,0.0,0.5,0.7,0.6,0.1,1,0.1,10,10,1.1197513491249298
265,0.0,0.5,0.7,0.6,0.2,1,0.1,10,10,1.1895469182357876
266,0.0,0.5,0.7,0.6,0.3,1,0.1,10,10,1.2643850539049248
267,0.0,0.5,0.7,0.6,0.4,1,0.1,10,10,1.3447288647671445
268,0.0,0.5,0.7,0.8,0.1,1,0.1,10,10,1.1197757736287617
269,0.0,0.5,0.7,0.8,0.2,1,0.1,10,10,1.1895813185563944
270,0.0,0.5,0.7,0.8,0.3,1,0.1,10,10,1.2644360149721108
271,0.0,0.5,0.7,0.8,0.4,1,0.1,10,10,1.3448047901304363
272,0.0,0.5,0.8,0.2,0.1,1,0.1,10,10,1.1196951468531016
273,0.0,0.5,0.8,0.2,0.2,1,0.1,10,10,1.1894344579948508
274,0.0,0.5,0.8,0.2,0.3,1,0.1,10,10,1.26419665834696
275,0.0,0.5,0.8,0.2,0.4,1,0.1,10,10,1.3444402395579338
276,0.0,0.5,0.8,0.4,0.1,1,0.1,10,10,1.1197271655286714
277,0.0,0.5,0.8,0.4,0.2,1,0.1,10,10,1.1894782861843645
278,0.0,0.5,0.8,0.4,0.3,1,0.1,10,10,1.2642599107111283
279,0.0,0.5,0.8,0.4,0.4,1,0.1,10,10,1.3445326320510396
280,0.0,0.5,0.8,0.6,0.1,1,0.1,10,10,1.1197591017778712
281,0.0,0.5,0.8,0.6,0.2,1,0.1,10,10,1.1895220035542564
282,0.0,0.5,0.8,0.6,0.3,1,0.1,10,10,1.2643230029731527
283,0.0,0.5,0.8,0.6,0.4,1,0.1,10,10,1.3446247894246075
284,0.0,0.5,0.8,0.8,0.1,1,0.1,10,10,1.1197909556009693
285,0.0,0.5,0.8,0.8,0.2,1,0.1,10,10,1.1895656101512042
286,0.0,0.5,0.8,0.8,0.3,1,0.1,10,10,1.2643859352783118
287,0.0,0.5,0.8,0.8,0.4,1,0.1,10,10,1.3447167119808894
288,0.0,0.5,0.9,0.2,0.1,1,0.1,10,10,1.1199855939207772
289,0.0,0.5,0.9,0.2,0.2,1,0.1,10,10,1.1897052313733991
290,0.0,0.5,0.9,0.2,0.3,1,0.1,10,10,1.2644424188387282
291,0.0,0.5,0.9,0.2,0.4,1,0.1,10,10,1.344654794193996
292,0.0,0.5,0.9,0.4,0.1,1,0.1,10,10,1.1200262219543171
293,0.0,0.5,0.9,0.4,0.2,1,0.1,10,10,1.1897595707387727
294,0.0,0.5,0.9,0.4,0.3,1,0.1,10,10,1.2645190994747062
295,0.0,0.5,0.9,0.4,0.4,1,0.1,10,10,1.3447648272081798
296,0.0,0.5,0.9,0.6,0.1,1,0.1,10,10,1.120066733064867
297,0.0,0.5,0.9,0.6,0.2,1,0.1,10,10,1.1898137572777656
298,0.0,0.5,0.9,0.6,0.3,1,0.1,10,10,1.264595565450163
299,0.0,0.5,0.9,0.6,0.4,1,0.1,10,10,1.344874551869235
300,0.0,0.5,0.9,0.8,0.1,1,0.1,10,10,1.12010712722692
301,0.0,0.5,0.9,0.8,0.2,1,0.1,10,10,1.18986779101512
302,0.0,0.5,0.9,0.8,0.3,1,0.1,10,10,1.264671816905286
303,0.0,0.5,0.9,0.8,0.4,1,0.1,10,10,1.3449839685036693
304,0.0,0.5,1.0,0.2,0.1,1,0.1,10,10,1.1205850658196657
305,0.0,0.5,1.0,0.2,0.2,1,0.1,10,10,1.1903022047072154
306,0.0,0.5,1.0,0.2,0.3,1,0.1,10,10,1.2650327132267334
307,0.0,0.5,1.0,0.2,0.4,1,0.1,10,10,1.3452334940072206
308,0.0,0.5,1.0,0.4,0.1,1,0.1,10,10,1.1206354811548882
309,0.0,0.5,1.0,0.4,0.2,1,0.1,10,10,1.1903683531099032
310,0.0,0.5,1.0,0.4,0.3,1,0.1,10,10,1.2651242599513977
311,0.0,0.5,1.0,0.4,0.4,1,0.1,10,10,1.3453627707136269
312,0.0,0.5,1.0,0.6,0.1,1,0.1,10,10,1.1206857363373277
313,0.0,0.5,1.0,0.6,0.2,1,0.1,10,10,1.1904342972511806
314,0.0,0.5,1.0,0.6,0.3,1,0.1,10,10,1.2652155270155887
315,0.0,0.5,1.0,0.6,0.4,1,0.1,10,10,1.3454916540341944
316,0.0,0.5,1.0,0.8,0.1,1,0.1,10,10,1.120735831284695
317,0.0,0.5,1.0,0.8,0.2,1,0.1,10,10,1.1905000370921413
318,0.0,0.5,1.0,0.8,0.3,1,0.1,10,10,1.2653065144990512
319,0.0,0.5,1.0,0.8,0.4,1,0.1,10,10,1.3456201442457327
320,0.0,1.0,0.1,0.2,0.1,1,0.1,10,10,1.1254126718651059
321,0.0,1.0,0.1,0.2,0.2,1,0.1,10,10,1.1957223849965326
322,0.0,1.0,0.1,0.2,0.3,1,0.1,10,10,1.2711217091603293
323,0.0,1.0,0.1,0.2,0.4,1,0.1,10,10,1.3520781199920078
324,0.0,1.0,0.1,0.4,0.1,1,0.1,10,10,1.1254134518807313
325,0.0,1.0,0.1,0.4,0.2,1,0.1,10,10,1.195724363410529
326,0.0,1.0,0.1,0.4,0.3,1,0.1,10,10,1.2711257967567862
327,0.0,1.0,0.1,0.4,0.4,1,0.1,10,10,1.3520854788570391
328,0.0,1.0,0.1,0.6,0.1,1,0.1,10,10,1.1254142316323386
329,0.0,1.0,0.1,0.6,0.2,1,0.1,10,10,1.1957263411558203
330,0.0,1.0,0.1,0.6,0.3,1,0.1,10,10,1.271129882935638
331,0.0,1.0,0.1,0.6,0.4,1,0.1,10,10,1.3520928351256545
332,0.0,1.0,0.1,0.8,0.1,1,0.1,10,10,1.1254150111199799
333,0.0,1.0,0.1,0.8,0.2,1,0.1,10,10,1.1957283182326204
334,0.0,1.0,0.1,0.8,0.3,1,0.1,10,10,1.2711339676974054
335,0.0,1.0,0.1,0.8,0.4,1,0.1,10,10,1.352100188798864
336,0.0,1.0,0.2,0.2,0.1,1,0.1,10,10,1.123840439886029
337,0.0,1.0,0.2,0.2,0.2,1,0.1,10,10,1.1940266165276872
338,0.0,1.0,0.2,0.2,0.3,1,0.1,10,10,1.269290034279852
339,0.0,1.0,0.2,0.2,0.4,1,0.1,10,10,1.3500965953664588
340,0.0,1.0,0.2,0.4,0.1,1,0.1,10,10,1.1238428257797772
341,0.0,1.0,0.2,0.4,0.2,1,0.1,10,10,1.1940314628639843
342,0.0,1.0,0.2,0.4,0.3,1,0.1,10,10,1.2692991697661709
343,0.0,1.0,0.2,0.4,0.4,1,0.1,10,10,1.350112353339857
344,0.0,1.0,0.2,0.6,0.1,1,0.1,10,10,1.1238452100822962
345,0.0,1.0,0.2,0.6,0.2,1,0.1,10,10,1.1940363059596846
346,0.0,1.0,0.2,0.6,0.3,1,0.1,10,10,1.2693082989904385
347,0.0,1.0,0.2,0.6,0.4,1,0.1,10,10,1.3501281003186771
348,0.0,1.0,0.2,0.8,0.1,1,0.1,10,10,1.1238475927940426
349,0.0,1.0,0.2,0.8,0.2,1,0.1,10,10,1.1940411458164932
350,0.0,1.0,0.2,0.8,0.3,1,0.1,10,10,1.2693174219567729
351,0.0,1.0,0.2,0.8,0.4,1,0.1,10,10,1.3501438363108516
352,0.0,1.0,0.3,0.2,0.1,1,0.1,10,10,1.1224996206090532
353,0.0,1.0,0.3,0.2,0.2,1,0.1,10,10,1.192575237594242
354,0.0,1.0,0.3,0.2,0.3,1,0.1,10,10,1.267716611857511
355,0.0,1.0,0.3,0.2,0.4,1,0.1,10,10,1.3483881635358308
356,0.0,1.0,0.3,0.4,0.1,1,0.1,10,10,1.122504469346465
357,0.0,1.0,0.3,0.4,0.2,1,0.1,10,10,1.1925838776421378
358,0.0,1.0,0.3,0.4,0.3,1,0.1,10,10,1.2677317981422709
359,0.0,1.0,0.3,0.4,0.4,1,0.1,10,10,1.3484134112597324
360,0.0,1.0,0.3,0.6,0.1,1,0.1,10,10,1.1225093132782562
361,0.0,1.0,0.3,0.6,0.2,1,0.1,10,10,1.1925925091118523
362,0.0,1.0,0.3,0.6,0.3,1,0.1,10,10,1.267746969004765
363,0.0,1.0,0.3,0.6,0.4,1,0.1,10,10,1.348438632893115
364,0.0,1.0,0.3,0.8,0.1,1,0.1,10,10,1.1225141524060365
365,0.0,1.0,0.3,0.8,0.2,1,0.1,10,10,1.192601132009066
366,0.0,1.0,0.3,0.8,0.3,1,0.1,10,10,1.2677621244585555
367,0.0,1.0,0.3,0.8,0.4,1,0.1,10,10,1.348463828461984
368,0.0,1.0,0.4,0.2,0.1,1,0.1,10,10,1.1213989656463197
369,0.0,1.0,0.4,0.2,0.2,1,0.1,10,10,1.1913774783711797
370,0.0,1.0,0.4,0.2,0.3,1,0.1,10,10,1.26641118180111
371,0.0,1.0,0.4,0.2,0.4,1,0.1,10,10,1.3469631083502298
372,0.0,1.0,0.4,0.4,0.1,1,0.1,10,10,1.1214071673466552
373,0.0,1.0,0.4,0.4,0.2,1,0.1,10,10,1.1913908765845491
374,0.0,1.0,0.4,0.4,0.3,1,0.1,10,10,1.2664334672105928
375,0.0,1.0,0.4,0.4,0.4,1,0.1,10,10,1.3469989901960129
376,0.0,1.0,0.4,0.6,0.1,1,0.1,10,10,1.1214153582871629
377,0.0,1.0,0.4,0.6,0.2,1,0.1,10,10,1.191404257236405
378,0.0,1.0,0.4,0.6,0.3,1,0.1,10,10,1.2664557228336255
379,0.0,1.0,0.4,0.6,0.4,1,0.1,10,10,1.3470348232899507
380,0.0,1.0,0.4,0.8,0.1,1,0.1,10,10,1.1214235384716051
381,0.0,1.0,0.4,0.8,0.2,1,0.1,10,10,1.1914176203397189
382,0.0,1.0,0.4,0.8,0.3,1,0.1,10,10,1.2664779487010531
383,0.0,1.0,0.4,0.8,0.4,1,0.1,10,10,1.3470706076910524
384,0.0,1.0,0.5,0.2,0.1,1,0.1,10,10,1.1205475530457512
385,0.0,1.0,0.5,0.2,0.2,1,0.1,10,10,1.1904429115470423
386,0.0,1.0,0.5,0.2,0.3,1,0.1,10,10,1.26538384361427
387,0.0,1.0,0.5,0.2,0.4,1,0.1,10,10,1.3458320914598596
388,0.0,1.0,0.5,0.4,0.1,1,0.1,10,10,1.1205600331695391
389,0.0,1.0,0.5,0.4,0.2,1,0.1,10,10,1.190462073587915
390,0.0,1.0,0.5,0.4,0.3,1,0.1,10,10,1.2654143248849197
391,0.0,1.0,0.5,0.4,0.4,1,0.1,10,10,1.3458798090871271
392,0.0,1.0,0.5,0.6,0.1,1,0.1,10,10,1.120572492957962
393,0.0,1.0,0.5,0.6,0.2,1,0.1,10,10,1.1904812045421884
394,0.0,1.0,0.5,0.6,0.3,1,0.1,10,10,1.265444755917738
395,0.0,1.0,0.5,0.6,0.4,1,0.1,10,10,1.3459274469046207
396,0.0,1.0,0.5,0.8,0.1,1,0.1,10,10,1.120584932417792
397,0.0,1.0,0.5,0.8,0.2,1,0.1,10,10,1.1905003044334643
398,0.0,1.0,0.5,0.8,0.3,1,0.1,10,10,1.265475136769249
399,0.0,1.0,0.5,0.8,0.4,1,0.1,10,10,1.3459750050207142
400,0.0,1.0,0.6,0.2,0.1,1,0.1,10,10,1.1199547924684303
401,0.0,1.0,0.6,0.2,0.2,1,0.1,10,10,1.1897814575380508
402,0.0,1.0,0.6,0.2,0.3,1,0.1,10,10,1.2646450616433402
403,0.0,1.0,0.6,0.2,0.4,1,0.1,10,10,1.3450061575929413
404,0.0,1.0,0.6,0.4,0.1,1,0.1,10,10,1.1199725141525672
405,0.0,1.0,0.6,0.4,0.2,1,0.1,10,10,1.189807432992902
406,0.0,1.0,0.6,0.4,0.3,1,0.1,10,10,1.2646848871194771
407,0.0,1.0,0.6,0.4,0.4,1,0.1,10,10,1.3450669737556944
408,0.0,1.0,0.6,0.6,0.1,1,0.1,10,10,1.1199902013941343
409,0.0,1.0,0.6,0.6,0.2,1,0.1,10,10,1.1898333583845864
410,0.0,1.0,0.6,0.6,0.3,1,0.1,10,10,1.2647246349463623
411,0.0,1.0,0.6,0.6,0.4,1,0.1,10,10,1.3451276698691963
412,0.0,1.0,0.6,0.8,0.1,1,0.1,10,10,1.1200078542027574
413,0.0,1.0,0.6,0.8,0.2,1,0.1,10,10,1.1898592337492997
414,0.0,1.0,0.6,0.8,0.3,1,0.1,10,10,1.2647643052128907
415,0.0,1.0,0.6,0.8,0.4,1,0.1,10,10,1.345188246105375
416,0.0,1.0,0.7,0.2,0.1,1,0.1,10,10,1.1196304302647515
417,0.0,1.0,0.7,0.2,0.2,1,0.1,10,10,1.1894033895865217
418,0.0,1.0,0.7,0.2,0.3,1,0.1,10,10,1.264205670193565
419,0.0,1.0,0.7,0.2,0.4,1,0.1,10,10,1.344496739686966
420,0.0,1.0,0.7,0.4,0.1,1,0.1,10,10,1.1196543968172603
421,0.0,1.0,0.7,0.4,0.2,1,0.1,10,10,1.189437274869519
422,0.0,1.0,0.7,0.4,0.3,1,0.1,10,10,1.2642560432474526
423,0.0,1.0,0.7,0.4,0.4,1,0.1,10,10,1.344571982307912
424,0.0,1.0,0.7,0.6,0.1,1,0.1,10,10,1.119678309349543
425,0.0,1.0,0.7,0.6,0.2,1,0.1,10,10,1.1894710847409538
426,0.0,1.0,0.7,0.6,0.3,1,0.1,10,10,1.26430630342512
427,0.0,1.0,0.7,0.6,0.4,1,0.1,10,10,1.3446470547320828
428,0.0,1.0,0.7,0.8,0.1,1,0.1,10,10,1.1197021678714385
429,0.0,1.0,0.7,0.8,0.2,1,0.1,10,10,1.1895048192479598
430,0.0,1.0,0.7,0.8,0.3,1,0.1,10,10,1.264356450849384
431,0.0,1.0,0.7,0.8,0.4,1,0.1,10,10,1.3447219572018805
432,0.0,1.0,0.8,0.2,0.1,1,0.1,10,10,1.1195845545127328
433,0.0,1.0,0.8,0.2,0.2,1,0.1,10,10,1.1893193387768548
434,0.0,1.0,0.8,0.2,0.3,1,0.1,10,10,1.2640768785141423
435,0.0,1.0,0.8,0.2,0.4,1,0.1,10,10,1.3443156638369338
436,0.0,1.0,0.8,0.4,0.1,1,0.1,10,10,1.1196158120792734
437,0.0,1.0,0.8,0.4,0.2,1,0.1,10,10,1.1893622802348192
438,0.0,1.0,0.8,0.4,0.3,1,0.1,10,10,1.2641390612064547
439,0.0,1.0,0.8,0.4,0.4,1,0.1,10,10,1.3444067303719272
440,0.0,1.0,0.8,0.6,0.1,1,0.1,10,10,1.1196469896108567
441,0.0,1.0,0.8,0.6,0.2,1,0.1,10,10,1.1894051136338444
442,0.0,1.0,0.8,0.6,0.3,1,0.1,10,10,1.2642010871501617
443,0.0,1.0,0.8,0.6,0.4,1,0.1,10,10,1.3444975660010448
444,0.0,1.0,0.8,0.8,0.1,1,0.1,10,10,1.119678087110158
445,0.0,1.0,0.8,0.8,0.2,1,0.1,10,10,1.1894478390234822
446,0.0,1.0,0.8,0.8,0.3,1,0.1,10,10,1.2642629564936605
447,0.0,1.0,0.8,0.8,0.4,1,0.1,10,10,1.3445881710298375
448,0.0,1.0,0.9,0.2,0.1,1,0.1,10,10,1.1198276000860072
449,0.0,1.0,0.9,0.2,0.2,1,0.1,10,10,1.1895402990805524
450,0.0,1.0,0.9,0.2,0.3,1,0.1,10,10,1.264270275812725
451,0.0,1.0,0.9,0.2,0.4,1,0.1,10,10,1.3444751542740818
452,0.0,1.0,0.9,0.4,0.1,1,0.1,10,10,1.1198672405025698
453,0.0,1.0,0.9,0.4,0.2,1,0.1,10,10,1.1895934963167196
454,0.0,1.0,0.9,0.4,0.3,1,0.1,10,10,1.2643455928140903
455,0.0,1.0,0.9,0.4,0.4,1,0.1,10,10,1.3445835163922386
456,0.0,1.0,0.9,0.6,0.1,1,0.1,10,10,1.1199067674390448
457,0.0,1.0,0.9,0.6,0.2,1,0.1,10,10,1.189646544618692
458,0.0,1.0,0.9,0.6,0.3,1,0.1,10,10,1.26442069975527
459,0.0,1.0,0.9,0.6,0.4,1,0.1,10,10,1.3446915757710023
460,0.0,1.0,0.9,0.8,0.1,1,0.1,10,10,1.1199461808754854
461,0.0,1.0,0.9,0.8,0.2,1,0.1,10,10,1.189699444018391
462,0.0,1.0,0.9,0.8,0.3,1,0.1,10,10,1.264495596785415
463,0.0,1.0,0.9,0.8,0.4,1,0.1,10,10,1.34479933274818
464,0.0,1.0,1.0,0.2,0.1,1,0.1,10,10,1.1203703538110217
465,0.0,1.0,1.0,0.2,0.2,1,0.1,10,10,1.1900776324606293
466,0.0,1.0,1.0,0.2,0.3,1,0.1,10,10,1.2647978362981354
467,0.0,1.0,1.0,0.2,0.4,1,0.1,10,10,1.3449878383411351
468,0.0,1.0,1.0,0.4,0.1,1,0.1,10,10,1.1204195176572505
469,0.0,1.0,1.0,0.4,0.2,1,0.1,10,10,1.190142341894904
470,0.0,1.0,1.0,0.4,0.3,1,0.1,10,10,1.2648876790934729
471,0.0,1.0,1.0,0.4,0.4,1,0.1,10,10,1.3451150469474005
472,0.0,1.0,1.0,0.6,0.1,1,0.1,10,10,1.1204685261293057
473,0.0,1.0,1.0,0.6,0.2,1,0.1,10,10,1.1902068523672915
474,0.0,1.0,1.0,0.6,0.3,1,0.1,10,10,1.2649772483326025
475,0.0,1.0,1.0,0.6,0.4,1,0.1,10,10,1.345241869405163
476,0.0,1.0,1.0,0.8,0.1,1,0.1,10,10,1.1205173791564098
477,0.0,1.0,1.0,0.8,0.2,1,0.1,10,10,1.190271163854177
478,0.0,1.0,1.0,0.8,0.3,1,0.1,10,10,1.265066544115372
479,0.0,1.0,1.0,0.8,0.4,1,0.1,10,10,1.3453683060179051
480,0.0,1.5,0.1,0.2,0.1,1,0.1,10,10,1.12542528178536
481,0.0,1.5,0.1,0.2,0.2,1,0.1,10,10,1.1957360076868322
482,0.0,1.5,0.1,0.2,0.3,1,0.1,10,10,1.2711364451456255
483,0.0,1.5,0.1,0.2,0.4,1,0.1,10,10,1.3520940821998946
484,0.0,1.5,0.1,0.4,0.1,1,0.1,10,10,1.1254260428054923
485,0.0,1.5,0.1,0.4,0.2,1,0.1,10,10,1.1957379540360895
486,0.0,1.5,0.1,0.4,0.3,1,0.1,10,10,1.2711404782235507
487,0.0,1.5,0.1,0.4,0.4,1,0.1,10,10,1.352101352132436
488,0.0,1.5,0.1,0.6,0.1,1,0.1,10,10,1.1254268035704391
489,0.0,1.5,0.1,0.6,0.2,1,0.1,10,10,1.1957398997338693
490,0.0,1.5,0.1,0.6,0.3,1,0.1,10,10,1.271144509916503
491,0.0,1.5,0.1,0.6,0.4,1,0.1,10,10,1.352108619525342
492,0.0,1.5,0.1,0.8,0.1,1,0.1,10,10,1.125427564080251
493,0.0,1.5,0.1,0.8,0.2,1,0.1,10,10,1.1957418447803765
494,0.0,1.5,0.1,0.8,0.3,1,0.1,10,10,1.2711485402249842
495,0.0,1.5,0.1,0.8,0.4,1,0.1,10,10,1.3521158843795895
496,0.0,1.5,0.2,0.2,0.1,1,0.1,10,10,1.1238574283588838
497,0.0,1.5,0.2,0.2,0.2,1,0.1,10,10,1.1940451772248806
498,0.0,1.5,0.2,0.2,0.3,1,0.1,10,10,1.26931033833649
499,0.0,1.5,0.2,0.2,0.4,1,0.1,10,10,1.3501188357491762
500,0.0,1.5,0.2,0.4,0.1,1,0.1,10,10,1.1238597443802825
501,0.0,1.5,0.2,0.4,0.2,1,0.1,10,10,1.194049924847086
502,0.0,1.5,0.2,0.4,0.3,1,0.1,10,10,1.269319327019412
503,0.0,1.5,0.2,0.4,0.4,1,0.1,10,10,1.3501343742819876
504,0.0,1.5,0.2,0.6,0.1,1,0.1,10,10,1.1238620588713817
505,0.0,1.5,0.2,0.6,0.2,1,0.1,10,10,1.194054669324734
506,0.0,1.5,0.2,0.6,0.3,1,0.1,10,10,1.2693283095993748
507,0.0,1.5,0.2,0.6,0.4,1,0.1,10,10,1.3501499020770926
508,0.0,1.5,0.2,0.8,0.1,1,0.1,10,10,1.1238643718326295
509,0.0,1.5,0.2,0.8,0.2,1,0.1,10,10,1.1940594106594835
510,0.0,1.5,0.2,0.8,0.3,1,0.1,10,10,1.2693372860803729
511,0.0,1.5,0.2,0.8,0.4,1,0.1,10,10,1.3501654191421928
512,0.0,1.5,0.3,0.2,0.1,1,0.1,10,10,1.122512107051783
513,0.0,1.5,0.3,0.2,0.2,1,0.1,10,10,1.1925893665011047
514,0.0,1.5,0.3,0.2,0.3,1,0.1,10,10,1.2677325926760263
515,0.0,1.5,0.3,0.2,0.4,1,0.1,10,10,1.3484062337632607
516,0.0,1.5,0.3,0.4,0.1,1,0.1,10,10,1.122516800739757
517,0.0,1.5,0.3,0.4,0.2,1,0.1,10,10,1.192597803862404
518,0.0,1.5,0.3,0.4,0.3,1,0.1,10,10,1.2677474989849962
519,0.0,1.5,0.3,0.4,0.4,1,0.1,10,10,1.3484310863794444
520,0.0,1.5,0.3,0.6,0.1,1,0.1,10,10,1.1225214898188536
521,0.0,1.5,0.3,0.6,0.2,1,0.1,10,10,1.1926062329241376
522,0.0,1.5,0.3,0.6,0.3,1,0.1,10,10,1.2677623902944295
523,0.0,1.5,0.3,0.6,0.4,1,0.1,10,10,1.3484559135490204
524,0.0,1.5,0.3,0.8,0.1,1,0.1,10,10,1.1225261742906338
525,0.0,1.5,0.3,0.8,0.2,1,0.1,10,10,1.1926146536918305
526,0.0,1.5,0.3,0.8,0.3,1,0.1,10,10,1.2677772666175142
527,0.0,1.5,0.3,0.8,0.4,1,0.1,10,10,1.3484807152972682
528,0.0,1.5,0.4,0.2,0.1,1,0.1,10,10,1.1213973853977974
529,0.0,1.5,0.4,0.2,0.2,1,0.1,10,10,1.1913770839272593
530,0.0,1.5,0.4,0.2,0.3,1,0.1,10,10,1.266412186127286
531,0.0,1.5,0.4,0.2,0.4,1,0.1,10,10,1.3469657552198182
532,0.0,1.5,0.4,0.4,0.1,1,0.1,10,10,1.1214053099541967
533,0.0,1.5,0.4,0.4,0.2,1,0.1,10,10,1.1913901351904936
534,0.0,1.5,0.4,0.4,0.3,1,0.1,10,10,1.2664340141116448
535,0.0,1.5,0.4,0.4,0.4,1,0.1,10,10,1.3470010172312277
536,0.0,1.5,0.4,0.6,0.1,1,0.1,10,10,1.1214132242102255
537,0.0,1.5,0.4,0.6,0.2,1,0.1,10,10,1.1914031695011804
538,0.0,1.5,0.4,0.6,0.3,1,0.1,10,10,1.2664558131767822
539,0.0,1.5,0.4,0.6,0.4,1,0.1,10,10,1.3470362317503628
540,0.0,1.5,0.4,0.8,0.1,1,0.1,10,10,1.1214211281695814
541,0.0,1.5,0.4,0.8,0.2,1,0.1,10,10,1.1914161868719884
542,0.0,1.5,0.4,0.8,0.3,1,0.1,10,10,1.2664775833527888
543,0.0,1.5,0.4,0.8,0.4,1,0.1,10,10,1.3470713988347498
544,0.0,1.5,0.5,0.2,0.1,1,0.1,10,10,1.1205216214759144
545,0.0,1.5,0.5,0.2,0.2,1,0.1,10,10,1.1904171427158312
546,0.0,1.5,0.5,0.2,0.3,1,0.1,10,10,1.2653584165979013
547,0.0,1.5,0.5,0.2,0.4,1,0.1,10,10,1.3458072151781593
548,0.0,1.5,0.5,0.4,0.1,1,0.1,10,10,1.1205336626107467
549,0.0,1.5,0.5,0.4,0.2,1,0.1,10,10,1.190435770034317
550,0.0,1.5,0.5,0.4,0.3,1,0.1,10,10,1.2653882150353828
551,0.0,1.5,0.5,0.4,0.4,1,0.1,10,10,1.3458540349384345
552,0.0,1.5,0.5,0.6,0.1,1,0.1,10,10,1.120545684305275
553,0.0,1.5,0.5,0.6,0.2,1,0.1,10,10,1.1904543673989514
554,0.0,1.5,0.5,0.6,0.3,1,0.1,10,10,1.2654179647711177
555,0.0,1.5,0.5,0.6,0.4,1,0.1,10,10,1.3459007770315163
556,0.0,1.5,0.5,0.8,0.1,1,0.1,10,10,1.1205576865662517
557,0.0,1.5,0.5,0.8,0.2,1,0.1,10,10,1.190472934832961
558,0.0,1.5,0.5,0.8,0.3,1,0.1,10,10,1.2654476658605212
559,0.0,1.5,0.5,0.8,0.4,1,0.1,10,10,1.3459474415634969
560,0.0,1.5,0.6,0.2,0.1,1,0.1,10,10,1.1198934679380166
561,0.0,1.5,0.6,0.2,0.2,1,0.1,10,10,1.1897186649348932
562,0.0,1.5,0.6,0.2,0.3,1,0.1,10,10,1.2645809060210875
563,0.0,1.5,0.6,0.2,0.4,1,0.1,10,10,1.3449407688864763
564,0.0,1.5,0.6,0.4,0.1,1,0.1,10,10,1.1199105459696568
565,0.0,1.5,0.6,0.4,0.2,1,0.1,10,10,1.1897438708967545
566,0.0,1.5,0.6,0.4,0.3,1,0.1,10,10,1.2646197712969611
567,0.0,1.5,0.6,0.4,0.4,1,0.1,10,10,1.3450003512198654
568,0.0,1.5,0.6,0.6,0.1,1,0.1,10,10,1.119927591111052
569,0.0,1.5,0.6,0.6,0.2,1,0.1,10,10,1.189769028692482
570,0.0,1.5,0.6,0.6,0.3,1,0.1,10,10,1.2646585613955714
571,0.0,1.5,0.6,0.6,0.4,1,0.1,10,10,1.3450598168315806
572,0.0,1.5,0.6,0.8,0.1,1,0.1,10,10,1.119944603372109
573,0.0,1.5,0.6,0.8,0.2,1,0.1,10,10,1.1897941383581587
574,0.0,1.5,0.6,0.8,0.3,1,0.1,10,10,1.2646972764047764
575,0.0,1.5,0.6,0.8,0.4,1,0.1,10,10,1.3451191658910275
576,0.0,1.5,0.7,0.2,0.1,1,0.1,10,10,1.1195218760779742
577,0.0,1.5,0.7,0.2,0.2,1,0.1,10,10,1.1892910855397851
578,0.0,1.5,0.7,0.2,0.3,1,0.1,10,10,1.2640896043381151
579,0.0,1.5,0.7,0.2,0.4,1,0.1,10,10,1.3443769157055792
580,0.0,1.5,0.7,0.4,0.1,1,0.1,10,10,1.1195449481711144
581,0.0,1.5,0.7,0.4,0.2,1,0.1,10,10,1.1893239157738809
582,0.0,1.5,0.7,0.4,0.3,1,0.1,10,10,1.264138683516686
583,0.0,1.5,0.7,0.4,0.4,1,0.1,10,10,1.3444505255677608
584,0.0,1.5,0.7,0.6,0.1,1,0.1,10,10,1.119567968726712
585,0.0,1.5,0.7,0.6,0.2,1,0.1,10,10,1.1893566735461936
586,0.0,1.5,0.7,0.6,0.3,1,0.1,10,10,1.2641876535348175
587,0.0,1.5,0.7,0.6,0.4,1,0.1,10,10,1.3445239700765308
588,0.0,1.5,0.7,0.8,0.1,1,0.1,10,10,1.1195909377558175
589,0.0,1.5,0.7,0.8,0.2,1,0.1,10,10,1.1893893589048936
590,0.0,1.5,0.7,0.8,0.3,1,0.1,10,10,1.264236514515585
591,0.0,1.5,0.7,0.8,0.4,1,0.1,10,10,1.3445972494732137
592,0.0,1.5,0.8,0.2,0.1,1,0.1,10,10,1.1194160996377645
593,0.0,1.5,0.8,0.2,0.2,1,0.1,10,10,1.189144156153763
594,0.0,1.5,0.8,0.2,0.3,1,0.1,10,10,1.263894793248435
595,0.0,1.5,0.8,0.2,0.4,1,0.1,10,10,1.3441265028250933
596,0.0,1.5,0.8,0.4,0.1,1,0.1,10,10,1.1194461621901948
597,0.0,1.5,0.8,0.4,0.2,1,0.1,10,10,1.189185702110435
598,0.0,1.5,0.8,0.4,0.3,1,0.1,10,10,1.263955287353075
599,0.0,1.5,0.8,0.4,0.4,1,0.1,10,10,1.3442154692160044
600,0.0,1.5,0.8,0.6,0.1,1,0.1,10,10,1.1194761484478957
601,0.0,1.5,0.8,0.6,0.2,1,0.1,10,10,1.1892271443476203
602,0.0,1.5,0.8,0.6,0.3,1,0.1,10,10,1.26401563001463
603,0.0,1.5,0.8,0.6,0.4,1,0.1,10,10,1.3443042114122266
604,0.0,1.5,0.8,0.8,0.1,1,0.1,10,10,1.1195060584169618
605,0.0,1.5,0.8,0.8,0.2,1,0.1,10,10,1.1892684829188416
606,0.0,1.5,0.8,0.8,0.3,1,0.1,10,10,1.2640758213855612
607,0.0,1.5,0.8,0.8,0.4,1,0.1,10,10,1.344392729723214
608,0.0,1.5,0.9,0.2,0.1,1,0.1,10,10,1.1195856986024575
609,0.0,1.5,0.9,0.2,0.2,1,0.1,10,10,1.1892879487870265
610,0.0,1.5,0.9,0.2,0.3,1,0.1,10,10,1.2640070898446631
611,0.0,1.5,0.9,0.2,0.4,1,0.1,10,10,1.3442007288088935
612,0.0,1.5,0.9,0.4,0.1,1,0.1,10,10,1.119623789791539
613,0.0,1.5,0.9,0.4,0.2,1,0.1,10,10,1.1893393507069332
614,0.0,1.5,0.9,0.4,0.3,1,0.1,10,10,1.2640802573627443
615,0.0,1.5,0.9,0.4,0.4,1,0.1,10,10,1.3443064489578984
616,0.0,1.5,0.9,0.6,0.1,1,0.1,10,10,1.1196617728819036
617,0.0,1.5,0.9,0.6,0.2,1,0.1,10,10,1.1893906098067701
618,0.0,1.5,0.9,0.6,0.3,1,0.1,10,10,1.2641532220954708
619,0.0,1.5,0.9,0.6,0.4,1,0.1,10,10,1.3444118753095784
620,0.0,1.5,0.9,0.8,0.1,1,0.1,10,10,1.1196996478615964
621,0.0,1.5,0.9,0.8,0.2,1,0.1,10,10,1.1894417261286494
622,0.0,1.5,0.9,0.8,0.3,1,0.1,10,10,1.2642259842044707
623,0.0,1.5,0.9,0.8,0.4,1,0.1,10,10,1.3445170082171203
624,0.0,1.5,1.0,0.2,0.1,1,0.1,10,10,1.1200405431320557
625,0.0,1.5,1.0,0.2,0.2,1,0.1,10,10,1.189732859744553
626,0.0,1.5,1.0,0.2,0.3,1,0.1,10,10,1.2644374504883549
627,0.0,1.5,1.0,0.2,0.4,1,0.1,10,10,1.3446111474358273
628,0.0,1.5,1.0,0.4,0.1,1,0.1,10,10,1.120087745634688
629,0.0,1.5,1.0,0.4,0.2,1,0.1,10,10,1.1897953098317062
630,0.0,1.5,1.0,0.4,0.3,1,0.1,10,10,1.2645246111192827
631,0.0,1.5,1.0,0.4,0.4,1,0.1,10,10,1.3447350912798806
632,0.0,1.5,1.0,0.6,0.1,1,0.1,10,10,1.1201348002281242
633,0.0,1.5,1.0,0.6,0.2,1,0.1,10,10,1.189857569277972
634,0.0,1.5,1.0,0.6,0.3,1,0.1,10,10,1.264611507845656
635,0.0,1.5,1.0,0.6,0.4,1,0.1,10,10,1.3448586605100439
636,0.0,1.5,1.0,0.8,0.1,1,0.1,10,10,1.1201817068582158
637,0.0,1.5,1.0,0.8,0.2,1,0.1,10,10,1.189919638081724
638,0.0,1.5,1.0,0.8,0.3,1,0.1,10,10,1.2646981407959512
639,0.0,1.5,1.0,0.8,0.4,1,0.1,10,10,1.3449818554674342
640,0.0,2.0,0.1,0.2,0.1,1,0.1,10,10,1.1254426282373646
641,0.0,2.0,0.1,0.2,0.2,1,0.1,10,10,1.1957547409855012
642,0.0,2.0,0.1,0.2,0.3,1,0.1,10,10,1.2711567025109525
643,0.0,2.0,0.1,0.2,0.4,1,0.1,10,10,1.352116017764723
644,0.0,2.0,0.1,0.4,0.1,1,0.1,10,10,1.1254433644898956
645,0.0,2.0,0.1,0.4,0.2,1,0.1,10,10,1.1957566449495558
646,0.0,2.0,0.1,0.4,0.3,1,0.1,10,10,1.2711606628929142
647,0.0,2.0,0.1,0.4,0.4,1,0.1,10,10,1.3521231685142168
648,0.0,2.0,0.1,0.6,0.1,1,0.1,10,10,1.1254441004986997
649,0.0,2.0,0.1,0.6,0.2,1,0.1,10,10,1.1957585482847959
650,0.0,2.0,0.1,0.6,0.3,1,0.1,10,10,1.271164621933144
651,0.0,2.0,0.1,0.6,0.4,1,0.1,10,10,1.35213031679959
652,0.0,2.0,0.1,0.8,0.1,1,0.1,10,10,1.1254448362638259
653,0.0,2.0,0.1,0.8,0.2,1,0.1,10,10,1.1957604509914186
654,0.0,2.0,0.1,0.8,0.3,1,0.1,10,10,1.2711685796321237
655,0.0,2.0,0.1,0.8,0.4,1,0.1,10,10,1.3521374626217826
656,0.0,2.0,0.2,0.2,0.1,1,0.1,10,10,1.1238815153431228
657,0.0,2.0,0.2,0.2,0.2,1,0.1,10,10,1.194071453790752
658,0.0,2.0,0.2,0.2,0.3,1,0.1,10,10,1.269339040368369
659,0.0,2.0,0.2,0.2,0.4,1,0.1,10,10,1.3501502291224958
660,0.0,2.0,0.2,0.4,0.1,1,0.1,10,10,1.1238837407416686
661,0.0,2.0,0.2,0.4,0.2,1,0.1,10,10,1.1940760720740975
662,0.0,2.0,0.2,0.4,0.3,1,0.1,10,10,1.2693478349958909
663,0.0,2.0,0.2,0.4,0.4,1,0.1,10,10,1.3501654757254915
664,0.0,2.0,0.2,0.6,0.1,1,0.1,10,10,1.123885964688464
665,0.0,2.0,0.2,0.6,0.2,1,0.1,10,10,1.194080687338227
666,0.0,2.0,0.2,0.6,0.3,1,0.1,10,10,1.2693566237299556
667,0.0,2.0,0.2,0.6,0.4,1,0.1,10,10,1.3501807119309277
668,0.0,2.0,0.2,0.8,0.1,1,0.1,10,10,1.123888187183934
669,0.0,2.0,0.2,0.8,0.2,1,0.1,10,10,1.194085299584728
670,0.0,2.0,0.2,0.8,0.3,1,0.1,10,10,1.2693654065744062
671,0.0,2.0,0.2,0.8,0.4,1,0.1,10,10,1.350195937746197
672,0.0,2.0,0.3,0.2,0.1,1,0.1,10,10,1.1225315242359863
673,0.0,2.0,0.3,0.2,0.2,1,0.1,10,10,1.1926111474126937
674,0.0,2.0,0.3,0.2,0.3,1,0.1,10,10,1.2677570303566192
675,0.0,2.0,0.3,0.2,0.4,1,0.1,10,10,1.348433660195727
676,0.0,2.0,0.3,0.4,0.1,1,0.1,10,10,1.1225360173653829
677,0.0,2.0,0.3,0.4,0.2,1,0.1,10,10,1.1926193205199678
678,0.0,2.0,0.3,0.4,0.3,1,0.1,10,10,1.2677715687148154
679,0.0,2.0,0.3,0.4,0.4,1,0.1,10,10,1.3484579901197822
680,0.0,2.0,0.3,0.6,0.1,1,0.1,10,10,1.1225405061387277
681,0.0,2.0,0.3,0.6,0.2,1,0.1,10,10,1.1926274856895271
682,0.0,2.0,0.3,0.6,0.3,1,0.1,10,10,1.2677860926276794
683,0.0,2.0,0.3,0.6,0.4,1,0.1,10,10,1.3484822954470228
684,0.0,2.0,0.3,0.8,0.1,1,0.1,10,10,1.122544990557529
685,0.0,2.0,0.3,0.8,0.2,1,0.1,10,10,1.1926356429266889
686,0.0,2.0,0.3,0.8,0.3,1,0.1,10,10,1.2678006021079002
687,0.0,2.0,0.3,0.8,0.4,1,0.1,10,10,1.3485065762017652
688,0.0,2.0,0.4,0.2,0.1,1,0.1,10,10,1.1213998766200566
689,0.0,2.0,0.4,0.2,0.2,1,0.1,10,10,1.1913814378383938
690,0.0,2.0,0.4,0.2,0.3,1,0.1,10,10,1.2664187083326792
691,0.0,2.0,0.4,0.2,0.4,1,0.1,10,10,1.3469747947801571
692,0.0,2.0,0.4,0.4,0.1,1,0.1,10,10,1.1214074433713048
693,0.0,2.0,0.4,0.4,0.2,1,0.1,10,10,1.1913940383028294
694,0.0,2.0,0.4,0.4,0.3,1,0.1,10,10,1.2664399377404656
695,0.0,2.0,0.4,0.4,0.4,1,0.1,10,10,1.3470092404886906
696,0.0,2.0,0.4,0.6,0.1,1,0.1,10,10,1.1214150004114158
697,0.0,2.0,0.4,0.6,0.2,1,0.1,10,10,1.191406622603001
698,0.0,2.0,0.4,0.6,0.3,1,0.1,10,10,1.2664611393622072
699,0.0,2.0,0.4,0.6,0.4,1,0.1,10,10,1.3470436403629342
700,0.0,2.0,0.4,0.8,0.1,1,0.1,10,10,1.1214225477439828
701,0.0,2.0,0.4,0.8,0.2,1,0.1,10,10,1.1914191907511642
702,0.0,2.0,0.4,0.8,0.3,1,0.1,10,10,1.2664823132269534
703,0.0,2.0,0.4,0.8,0.4,1,0.1,10,10,1.3470779944584004
704,0.0,2.0,0.5,0.2,0.1,1,0.1,10,10,1.120494042293641
705,0.0,2.0,0.5,0.2,0.2,1,0.1,10,10,1.1903902012491097
706,0.0,2.0,0.5,0.2,0.3,1,0.1,10,10,1.2653323831966714
707,0.0,2.0,0.5,0.2,0.4,1,0.1,10,10,1.3457824034013266
708,0.0,2.0,0.5,0.4,0.1,1,0.1,10,10,1.1205055175775889
709,0.0,2.0,0.5,0.4,0.2,1,0.1,10,10,1.1904081356273972
710,0.0,2.0,0.5,0.4,0.3,1,0.1,10,10,1.2653612911564016
711,0.0,2.0,0.5,0.4,0.4,1,0.1,10,10,1.3458280451513314
712,0.0,2.0,0.5,0.6,0.1,1,0.1,10,10,1.120516974567323
713,0.0,2.0,0.5,0.6,0.2,1,0.1,10,10,1.1904260415145884
714,0.0,2.0,0.5,0.6,0.3,1,0.1,10,10,1.2653901524164608
715,0.0,2.0,0.5,0.6,0.4,1,0.1,10,10,1.3458736120488872
716,0.0,2.0,0.5,0.8,0.1,1,0.1,10,10,1.120528413269526
717,0.0,2.0,0.5,0.8,0.2,1,0.1,10,10,1.190443918933351
718,0.0,2.0,0.5,0.8,0.3,1,0.1,10,10,1.2654189670306841
719,0.0,2.0,0.5,0.8,0.4,1,0.1,10,10,1.3459191041968963
720,0.0,2.0,0.6,0.2,0.1,1,0.1,10,10,1.1198217416998928
721,0.0,2.0,0.6,0.2,0.2,1,0.1,10,10,1.1896455765945757
722,0.0,2.0,0.6,0.2,0.3,1,0.1,10,10,1.2645066395003175
723,0.0,2.0,0.6,0.2,0.4,1,0.1,10,10,1.344865545971032
724,0.0,2.0,0.6,0.4,0.1,1,0.1,10,10,1.1198379912681635
725,0.0,2.0,0.6,0.4,0.2,1,0.1,10,10,1.1896697875879605
726,0.0,2.0,0.6,0.4,0.3,1,0.1,10,10,1.2645442561984683
727,0.0,2.0,0.6,0.4,0.4,1,0.1,10,10,1.3449235147936207
728,0.0,2.0,0.6,0.6,0.1,1,0.1,10,10,1.1198542099312851
729,0.0,2.0,0.6,0.6,0.2,1,0.1,10,10,1.1896939528602843
730,0.0,2.0,0.6,0.6,0.3,1,0.1,10,10,1.2645818009349283
731,0.0,2.0,0.6,0.6,0.4,1,0.1,10,10,1.3449813712596743
732,0.0,2.0,0.6,0.8,0.1,1,0.1,10,10,1.1198703976994142
733,0.0,2.0,0.6,0.8,0.2,1,0.1,10,10,1.1897180724472978
734,0.0,2.0,0.6,0.8,0.3,1,0.1,10,10,1.264619273795887
735,0.0,2.0,0.6,0.8,0.4,1,0.1,10,10,1.3450391155347894
736,0.0,2.0,0.7,0.2,0.1,1,0.1,10,10,1.1193909492867724
737,0.0,2.0,0.7,0.2,0.2,1,0.1,10,10,1.1891559688597408
738,0.0,2.0,0.7,0.2,0.3,1,0.1,10,10,1.2639503405904815
739,0.0,2.0,0.7,0.2,0.4,1,0.1,10,10,1.34423357477547
740,0.0,2.0,0.7,0.4,0.1,1,0.1,10,10,1.119412871665182
741,0.0,2.0,0.7,0.4,0.2,1,0.1,10,10,1.189187437566472
742,0.0,2.0,0.7,0.4,0.3,1,0.1,10,10,1.2639977415537214
743,0.0,2.0,0.7,0.4,0.4,1,0.1,10,10,1.3443050556430276
744,0.0,2.0,0.7,0.6,0.1,1,0.1,10,10,1.1194347456773326
745,0.0,2.0,0.7,0.6,0.2,1,0.1,10,10,1.1892188376077248
746,0.0,2.0,0.7,0.6,0.3,1,0.1,10,10,1.2640450381829007
747,0.0,2.0,0.7,0.6,0.4,1,0.1,10,10,1.3443763775047113
748,0.0,2.0,0.7,0.8,0.1,1,0.1,10,10,1.119456571335559
749,0.0,2.0,0.7,0.8,0.2,1,0.1,10,10,1.1892501690325532
750,0.0,2.0,0.7,0.8,0.3,1,0.1,10,10,1.264092230600688
751,0.0,2.0,0.7,0.8,0.4,1,0.1,10,10,1.3444475405992802
752,0.0,2.0,0.8,0.2,0.1,1,0.1,10,10,1.119209895968149
753,0.0,2.0,0.8,0.2,0.2,1,0.1,10,10,1.1889300514370449
754,0.0,2.0,0.8,0.2,0.3,1,0.1,10,10,1.263672630895331
755,0.0,2.0,0.8,0.2,0.4,1,0.1,10,10,1.3438961366894455
756,0.0,2.0,0.8,0.4,0.1,1,0.1,10,10,1.1192384245129023
757,0.0,2.0,0.8,0.4,0.2,1,0.1,10,10,1.1889697997503756
758,0.0,2.0,0.8,0.4,0.3,1,0.1,10,10,1.2637309398217087
759,0.0,2.0,0.8,0.4,0.4,1,0.1,10,10,1.3439823718954973
760,0.0,2.0,0.8,0.6,0.1,1,0.1,10,10,1.119266881535614
761,0.0,2.0,0.8,0.6,0.2,1,0.1,10,10,1.1890094499221495
762,0.0,2.0,0.8,0.6,0.3,1,0.1,10,10,1.2637891041886828
763,0.0,2.0,0.8,0.6,0.4,1,0.1,10,10,1.3440683916980125
764,0.0,2.0,0.8,0.8,0.1,1,0.1,10,10,1.119295267046161
765,0.0,2.0,0.8,0.8,0.2,1,0.1,10,10,1.1890490020100482
766,0.0,2.0,0.8,0.8,0.3,1,0.1,10,10,1.2638471241524598
767,0.0,2.0,0.8,0.8,0.4,1,0.1,10,10,1.3441541964091968
768,0.0,2.0,0.9,0.2,0.1,1,0.1,10,10,1.1192870711995135
769,0.0,2.0,0.9,0.2,0.2,1,0.1,10,10,1.1889767682863992
770,0.0,2.0,0.9,0.2,0.3,1,0.1,10,10,1.2636829381664398
771,0.0,2.0,0.9,0.2,0.4,1,0.1,10,10,1.3438631754758057
772,0.0,2.0,0.9,0.4,0.1,1,0.1,10,10,1.1193231762848497
773,0.0,2.0,0.9,0.4,0.2,1,0.1,10,10,1.1890258614459228
774,0.0,2.0,0.9,0.4,0.3,1,0.1,10,10,1.2637533299387105
775,0.0,2.0,0.9,0.4,0.4,1,0.1,10,10,1.343965468235374
776,0.0,2.0,0.9,0.6,0.1,1,0.1,10,10,1.1193591801322211
777,0.0,2.0,0.9,0.6,0.2,1,0.1,10,10,1.1890748196370935
778,0.0,2.0,0.9,0.6,0.3,1,0.1,10,10,1.2638235283578645
779,0.0,2.0,0.9,0.6,0.4,1,0.1,10,10,1.3440674789115186
780,0.0,2.0,0.9,0.8,0.1,1,0.1,10,10,1.1193950827386616
781,0.0,2.0,0.9,0.8,0.2,1,0.1,10,10,1.189123642913239
782,0.0,2.0,0.9,0.8,0.3,1,0.1,10,10,1.2638935335987365
783,0.0,2.0,0.9,0.8,0.4,1,0.1,10,10,1.3441692078729557
784,0.0,2.0,1.0,0.2,0.1,1,0.1,10,10,1.119631226265606
785,0.0,2.0,1.0,0.2,0.2,1,0.1,10,10,1.1893053369079556
786,0.0,2.0,1.0,0.2,0.3,1,0.1,10,10,1.2639909761072827
787,0.0,2.0,1.0,0.2,0.4,1,0.1,10,10,1.3441449340702376
788,0.0,2.0,1.0,0.4,0.1,1,0.1,10,10,1.1196759176098507
789,0.0,2.0,1.0,0.4,0.2,1,0.1,10,10,1.189364886215489
790,0.0,2.0,1.0,0.4,0.3,1,0.1,10,10,1.2640746800037317
791,0.0,2.0,1.0,0.4,0.4,1,0.1,10,10,1.3442646523585309
792,0.0,2.0,1.0,0.6,0.1,1,0.1,10,10,1.1197204705542565
793,0.0,2.0,1.0,0.6,0.2,1,0.1,10,10,1.1894242555601264
794,0.0,2.0,1.0,0.6,0.3,1,0.1,10,10,1.2641581325052365
795,0.0,2.0,1.0,0.6,0.4,1,0.1,10,10,1.3443840111512924
796,0.0,2.0,1.0,0.8,0.1,1,0.1,10,10,1.119764885063523
797,0.0,2.0,1.0,0.8,0.2,1,0.1,10,10,1.1894834449649334
798,0.0,2.0,1.0,0.8,0.3,1,0.1,10,10,1.2642413337718799
799,0.0,2.0,1.0,0.8,0.4,1,0.1,10,10,1.344503010830507
800,0.0,2.5,0.1,0.2,0.1,1,0.1,10,10,1.1254643869278538
801,0.0,2.5,0.1,0.2,0.2,1,0.1,10,10,1.1957782300536377
802,0.0,2.5,0.1,0.2,0.3,1,0.1,10,10,1.271182092540294
803,0.0,2.5,0.1,0.2,0.4,1,0.1,10,10,1.35214350034177
804,0.0,2.5,0.1,0.4,0.1,1,0.1,10,10,1.1254650941022448
805,0.0,2.5,0.1,0.4,0.2,1,0.1,10,10,1.1957800833698011
806,0.0,2.5,0.1,0.4,0.3,1,0.1,10,10,1.271185965100733
807,0.0,2.5,0.1,0.4,0.4,1,0.1,10,10,1.3521505062109735
808,0.0,2.5,0.1,0.6,0.1,1,0.1,10,10,1.12546580104627
809,0.0,2.5,0.1,0.6,0.2,1,0.1,10,10,1.195781936084052
810,0.0,2.5,0.1,0.6,0.3,1,0.1,10,10,1.2711898363712308
811,0.0,2.5,0.1,0.6,0.4,1,0.1,10,10,1.3521575097069112
812,0.0,2.5,0.1,0.8,0.1,1,0.1,10,10,1.1254665077599766
813,0.0,2.5,0.1,0.8,0.2,1,0.1,10,10,1.1957837881965776
814,0.0,2.5,0.1,0.8,0.3,1,0.1,10,10,1.2711937063522527
815,0.0,2.5,0.1,0.8,0.4,1,0.1,10,10,1.3521645108304743
816,0.0,2.5,0.2,0.2,0.1,1,0.1,10,10,1.1239127720839233
817,0.0,2.5,0.2,0.2,0.2,1,0.1,10,10,1.194105495971849
818,0.0,2.5,0.2,0.2,0.3,1,0.1,10,10,1.2693761645568875
819,0.0,2.5,0.2,0.2,0.4,1,0.1,10,10,1.3501907694492927
820,0.0,2.5,0.2,0.4,0.1,1,0.1,10,10,1.1239148918175466
821,0.0,2.5,0.2,0.4,0.2,1,0.1,10,10,1.1941099614307196
822,0.0,2.5,0.2,0.4,0.3,1,0.1,10,10,1.2693847272861063
823,0.0,2.5,0.2,0.4,0.4,1,0.1,10,10,1.350205664384329
824,0.0,2.5,0.2,0.6,0.1,1,0.1,10,10,1.1239170101902705
825,0.0,2.5,0.2,0.6,0.2,1,0.1,10,10,1.1941144240176609
826,0.0,2.5,0.2,0.6,0.3,1,0.1,10,10,1.2693932843708822
827,0.0,2.5,0.2,0.6,0.4,1,0.1,10,10,1.3502205493288602
828,0.0,2.5,0.2,0.8,0.1,1,0.1,10,10,1.1239191272025002
829,0.0,2.5,0.2,0.8,0.2,1,0.1,10,10,1.194118883734187
830,0.0,2.5,0.2,0.8,0.3,1,0.1,10,10,1.2694018358148589
831,0.0,2.5,0.2,0.8,0.4,1,0.1,10,10,1.3502354242899095
832,0.0,2.5,0.3,0.2,0.1,1,0.1,10,10,1.12255913407027
833,0.0,2.5,0.3,0.2,0.2,1,0.1,10,10,1.1926418735602442
834,0.0,2.5,0.3,0.2,0.3,1,0.1,10,10,1.2677912475376727
835,0.0,2.5,0.3,0.2,0.4,1,0.1,10,10,1.348471792496902
836,0.0,2.5,0.3,0.4,0.1,1,0.1,10,10,1.1225633941568611
837,0.0,2.5,0.3,0.4,0.2,1,0.1,10,10,1.1926497364102535
838,0.0,2.5,0.3,0.4,0.3,1,0.1,10,10,1.2678053494050634
839,0.0,2.5,0.3,0.4,0.4,1,0.1,10,10,1.348495497153511
840,0.0,2.5,0.3,0.6,0.1,1,0.1,10,10,1.1225676501786621
841,0.0,2.5,0.3,0.6,0.2,1,0.1,10,10,1.1926575917451547
842,0.0,2.5,0.3,0.6,0.3,1,0.1,10,10,1.2678194374821408
843,0.0,2.5,0.3,0.6,0.4,1,0.1,10,10,1.3485191782259982
844,0.0,2.5,0.3,0.8,0.1,1,0.1,10,10,1.122571902137107
845,0.0,2.5,0.3,0.8,0.2,1,0.1,10,10,1.1926654395700158
846,0.0,2.5,0.3,0.8,0.3,1,0.1,10,10,1.2678335117809831
847,0.0,2.5,0.3,0.8,0.4,1,0.1,10,10,1.3485428357375164
848,0.0,2.5,0.4,0.2,0.1,1,0.1,10,10,1.1214097676448402
849,0.0,2.5,0.4,0.2,0.2,1,0.1,10,10,1.191394000791376
850,0.0,2.5,0.4,0.2,0.3,1,0.1,10,10,1.2664343448711688
851,0.0,2.5,0.4,0.2,0.4,1,0.1,10,10,1.3469939626330714
852,0.0,2.5,0.4,0.4,0.1,1,0.1,10,10,1.1214169196513537
853,0.0,2.5,0.4,0.4,0.2,1,0.1,10,10,1.1914060742904515
854,0.0,2.5,0.4,0.4,0.3,1,0.1,10,10,1.2664548680755725
855,0.0,2.5,0.4,0.4,0.4,1,0.1,10,10,1.3470274373482476
856,0.0,2.5,0.4,0.6,0.1,1,0.1,10,10,1.1214240626237324
857,0.0,2.5,0.4,0.6,0.2,1,0.1,10,10,1.191418132542
858,0.0,2.5,0.4,0.6,0.3,1,0.1,10,10,1.2664753648275813
859,0.0,2.5,0.4,0.6,0.4,1,0.1,10,10,1.3470608681984524
860,0.0,2.5,0.4,0.8,0.1,1,0.1,10,10,1.1214311965654329
861,0.0,2.5,0.4,0.8,0.2,1,0.1,10,10,1.1914301755577648
862,0.0,2.5,0.4,0.8,0.3,1,0.1,10,10,1.2664958351549718
863,0.0,2.5,0.4,0.8,0.4,1,0.1,10,10,1.3470942552367238
864,0.0,2.5,0.5,0.2,0.1,1,0.1,10,10,1.1204711712741169
865,0.0,2.5,0.5,0.2,0.2,1,0.1,10,10,1.1903687292367364
866,0.0,2.5,0.5,0.2,0.3,1,0.1,10,10,1.2653126840515208
867,0.0,2.5,0.5,0.2,0.4,1,0.1,10,10,1.3457649083093426
868,0.0,2.5,0.5,0.4,0.1,1,0.1,10,10,1.1204819919844866
869,0.0,2.5,0.5,0.4,0.2,1,0.1,10,10,1.1903858563344252
870,0.0,2.5,0.5,0.4,0.3,1,0.1,10,10,1.2653405460045444
871,0.0,2.5,0.5,0.4,0.4,1,0.1,10,10,1.345809155465317
872,0.0,2.5,0.5,0.6,0.1,1,0.1,10,10,1.1204927957147868
873,0.0,2.5,0.5,0.6,0.2,1,0.1,10,10,1.190402956636785
874,0.0,2.5,0.5,0.6,0.3,1,0.1,10,10,1.2653683636064827
875,0.0,2.5,0.5,0.6,0.4,1,0.1,10,10,1.3458533311036116
876,0.0,2.5,0.5,0.8,0.1,1,0.1,10,10,1.1205035824715663
877,0.0,2.5,0.5,0.8,0.2,1,0.1,10,10,1.1904200301657288
878,0.0,2.5,0.5,0.8,0.3,1,0.1,10,10,1.2653961369091415
879,0.0,2.5,0.5,0.8,0.4,1,0.1,10,10,1.3458974353230868
880,0.0,2.5,0.6,0.2,0.1,1,0.1,10,10,1.1197500497676505
881,0.0,2.5,0.6,0.2,0.2,1,0.1,10,10,1.1895731266113578
882,0.0,2.5,0.6,0.2,0.3,1,0.1,10,10,1.2644337191054762
883,0.0,2.5,0.6,0.2,0.4,1,0.1,10,10,1.344792495558654
884,0.0,2.5,0.6,0.4,0.1,1,0.1,10,10,1.1197653427089789
885,0.0,2.5,0.6,0.4,0.2,1,0.1,10,10,1.1895961817267946
886,0.0,2.5,0.6,0.4,0.3,1,0.1,10,10,1.2644698745275402
887,0.0,2.5,0.6,0.4,0.4,1,0.1,10,10,1.3448485620814865
888,0.0,2.5,0.6,0.6,0.1,1,0.1,10,10,1.1197806070175742
889,0.0,2.5,0.6,0.6,0.2,1,0.1,10,10,1.1896191939488323
890,0.0,2.5,0.6,0.6,0.3,1,0.1,10,10,1.2645059617504772
891,0.0,2.5,0.6,0.6,0.4,1,0.1,10,10,1.3449045214095317
892,0.0,2.5,0.6,0.8,0.1,1,0.1,10,10,1.1197958427037382
893,0.0,2.5,0.6,0.8,0.2,1,0.1,10,10,1.1896421633125718
894,0.0,2.5,0.6,0.8,0.3,1,0.1,10,10,1.2645419808580771
895,0.0,2.5,0.6,0.8,0.4,1,0.1,10,10,1.3449603737031954
896,0.0,2.5,0.7,0.2,0.1,1,0.1,10,10,1.119253313880605
897,0.0,2.5,0.7,0.2,0.2,1,0.1,10,10,1.1890144764853647
898,0.0,2.5,0.7,0.2,0.3,1,0.1,10,10,1.263805130476167
899,0.0,2.5,0.7,0.2,0.4,1,0.1,10,10,1.3440848281296176
900,0.0,2.5,0.7,0.4,0.1,1,0.1,10,10,1.1192739109456176
901,0.0,2.5,0.7,0.4,0.2,1,0.1,10,10,1.1890443674013678
902,0.0,2.5,0.7,0.4,0.3,1,0.1,10,10,1.263850573635551
903,0.0,2.5,0.7,0.4,0.4,1,0.1,10,10,1.3441538081645434
904,0.0,2.5,0.7,0.6,0.1,1,0.1,10,10,1.1192944632693969
905,0.0,2.5,0.7,0.6,0.2,1,0.1,10,10,1.1890741940336005
906,0.0,2.5,0.7,0.6,0.3,1,0.1,10,10,1.2638959180971308
907,0.0,2.5,0.7,0.6,0.4,1,0.1,10,10,1.3442226366895174
908,0.0,2.5,0.7,0.8,0.1,1,0.1,10,10,1.1193149708653911
909,0.0,2.5,0.7,0.8,0.2,1,0.1,10,10,1.18910395643153
910,0.0,2.5,0.7,0.8,0.3,1,0.1,10,10,1.2639411639820903
911,0.0,2.5,0.7,0.8,0.4,1,0.1,10,10,1.344291313938723
912,0.0,2.5,0.8,0.2,0.1,1,0.1,10,10,1.1189880855174643
913,0.0,2.5,0.8,0.2,0.2,1,0.1,10,10,1.1887002830986293
914,0.0,2.5,0.8,0.2,0.3,1,0.1,10,10,1.263434829322318
915,0.0,2.5,0.8,0.2,0.4,1,0.1,10,10,1.3436502511271986
916,0.0,2.5,0.8,0.4,0.1,1,0.1,10,10,1.1190148486721458
917,0.0,2.5,0.8,0.4,0.2,1,0.1,10,10,1.1887379529517628
918,0.0,2.5,0.8,0.4,0.3,1,0.1,10,10,1.2634905963822132
919,0.0,2.5,0.8,0.4,0.4,1,0.1,10,10,1.343733288838697
920,0.0,2.5,0.8,0.6,0.1,1,0.1,10,10,1.1190415457536869
921,0.0,2.5,0.8,0.6,0.2,1,0.1,10,10,1.188775531091618
922,0.0,2.5,0.8,0.6,0.3,1,0.1,10,10,1.263546226910072
923,0.0,2.5,0.8,0.6,0.4,1,0.1,10,10,1.3438161215207591
924,0.0,2.5,0.8,0.8,0.1,1,0.1,10,10,1.119068176775497
925,0.0,2.5,0.8,0.8,0.2,1,0.1,10,10,1.1888130175793967
926,0.0,2.5,0.8,0.8,0.3,1,0.1,10,10,1.2636017210643966
927,0.0,2.5,0.8,0.8,0.4,1,0.1,10,10,1.3438987494856354
928,0.0,2.5,0.9,0.2,0.1,1,0.1,10,10,1.1189616952478156
929,0.0,2.5,0.9,0.2,0.2,1,0.1,10,10,1.1886382692161483
930,0.0,2.5,0.9,0.2,0.3,1,0.1,10,10,1.2633309558270414
931,0.0,2.5,0.9,0.2,0.4,1,0.1,10,10,1.3434973498896317
932,0.0,2.5,0.9,0.4,0.1,1,0.1,10,10,1.1189955183552804
933,0.0,2.5,0.9,0.4,0.2,1,0.1,10,10,1.1886846986282338
934,0.0,2.5,0.9,0.4,0.3,1,0.1,10,10,1.2633981273685229
935,0.0,2.5,0.9,0.4,0.4,1,0.1,10,10,1.3435956424806594
936,0.0,2.5,0.9,0.6,0.1,1,0.1,10,10,1.1190292480485324
937,0.0,2.5,0.9,0.6,0.2,1,0.1,10,10,1.188731002109214
938,0.0,2.5,0.9,0.6,0.3,1,0.1,10,10,1.2634651165450939
939,0.0,2.5,0.9,0.6,0.4,1,0.1,10,10,1.3436936668089523
940,0.0,2.5,0.9,0.8,0.1,1,0.1,10,10,1.1190628843332575
941,0.0,2.5,0.9,0.8,0.2,1,0.1,10,10,1.1887771797228148
942,0.0,2.5,0.9,0.8,0.3,1,0.1,10,10,1.2635319235429665
943,0.0,2.5,0.9,0.8,0.4,1,0.1,10,10,1.3437914232553794
944,0.0,2.5,1.0,0.2,0.1,1,0.1,10,10,1.1191816874109644
945,0.0,2.5,1.0,0.2,0.2,1,0.1,10,10,1.1888363805636788
946,0.0,2.5,1.0,0.2,0.3,1,0.1,10,10,1.2635018828382083
947,0.0,2.5,1.0,0.2,0.4,1,0.1,10,10,1.343634952733658
948,0.0,2.5,1.0,0.4,0.1,1,0.1,10,10,1.119223498145962
949,0.0,2.5,1.0,0.4,0.2,1,0.1,10,10,1.188892589876138
950,0.0,2.5,1.0,0.4,0.3,1,0.1,10,10,1.2635815865004822
951,0.0,2.5,1.0,0.4,0.4,1,0.1,10,10,1.3437497536025325
952,0.0,2.5,1.0,0.6,0.1,1,0.1,10,10,1.1192651813140848
953,0.0,2.5,1.0,0.6,0.2,1,0.1,10,10,1.1889486315039457
954,0.0,2.5,1.0,0.6,0.3,1,0.1,10,10,1.263661053332828
955,0.0,2.5,1.0,0.6,0.4,1,0.1,10,10,1.3438642128215927
956,0.0,2.5,1.0,0.8,0.1,1,0.1,10,10,1.1193067368984428
957,0.0,2.5,1.0,0.8,0.2,1,0.1,10,10,1.1890045054938838
958,0.0,2.5,1.0,0.8,0.3,1,0.1,10,10,1.2637402835247973
959,0.0,2.5,1.0,0.8,0.4,1,0.1,10,10,1.3439783308097208
960,0.0,3.0,0.1,0.2,0.1,1,0.1,10,10,1.1254901359295009
961,0.0,3.0,0.1,0.2,0.2,1,0.1,10,10,1.1958060151385592
962,0.0,3.0,0.1,0.2,0.3,1,0.1,10,10,1.2712121136200327
963,0.0,3.0,0.1,0.2,0.4,1,0.1,10,10,1.3521759819040464
964,0.0,3.0,0.1,0.4,0.1,1,0.1,10,10,1.1254908111927566
965,0.0,3.0,0.1,0.4,0.2,1,0.1,10,10,1.195807811685734
966,0.0,3.0,0.1,0.4,0.3,1,0.1,10,10,1.2712158864896177
967,0.0,3.0,0.1,0.4,0.4,1,0.1,10,10,1.3521828221414358
968,0.0,3.0,0.1,0.6,0.1,1,0.1,10,10,1.1254914862401912
969,0.0,3.0,0.1,0.6,0.2,1,0.1,10,10,1.1958096076608924
970,0.0,3.0,0.1,0.6,0.3,1,0.1,10,10,1.2712196581274189
971,0.0,3.0,0.1,0.6,0.4,1,0.1,10,10,1.3521896601080752
972,0.0,3.0,0.1,0.8,0.1,1,0.1,10,10,1.1254921610718478
973,0.0,3.0,0.1,0.8,0.2,1,0.1,10,10,1.1958114030642066
974,0.0,3.0,0.1,0.8,0.3,1,0.1,10,10,1.2712234285338708
975,0.0,3.0,0.1,0.8,0.4,1,0.1,10,10,1.3521964958048072
976,0.0,3.0,0.2,0.2,0.1,1,0.1,10,10,1.1239510643651471
977,0.0,3.0,0.2,0.2,0.2,1,0.1,10,10,1.194147132940328
978,0.0,3.0,0.2,0.2,0.3,1,0.1,10,10,1.2694214979790372
979,0.0,3.0,0.2,0.2,0.4,1,0.1,10,10,1.3502401954600554
980,0.0,3.0,0.2,0.4,0.1,1,0.1,10,10,1.1239530691027797
981,0.0,3.0,0.2,0.4,0.2,1,0.1,10,10,1.194151429366526
982,0.0,3.0,0.2,0.4,0.3,1,0.1,10,10,1.269429800757425
983,0.0,3.0,0.2,0.4,0.4,1,0.1,10,10,1.3502546925013692
984,0.0,3.0,0.2,0.6,0.1,1,0.1,10,10,1.1239550725774323
985,0.0,3.0,0.2,0.6,0.2,1,0.1,10,10,1.194155723082572
986,0.0,3.0,0.2,0.6,0.3,1,0.1,10,10,1.2694380981684847
987,0.0,3.0,0.2,0.6,0.4,1,0.1,10,10,1.3502691800086981
988,0.0,3.0,0.2,0.8,0.1,1,0.1,10,10,1.1239570747894887
989,0.0,3.0,0.2,0.8,0.2,1,0.1,10,10,1.1941600140898831
990,0.0,3.0,0.2,0.8,0.3,1,0.1,10,10,1.2694463902156443
991,0.0,3.0,0.2,0.8,0.4,1,0.1,10,10,1.3502836579886524
992,0.0,3.0,0.3,0.2,0.1,1,0.1,10,10,1.1225958688474436
993,0.0,3.0,0.3,0.2,0.2,1,0.1,10,10,1.1926824846516892
994,0.0,3.0,0.3,0.2,0.3,1,0.1,10,10,1.2678361872139998
995,0.0,3.0,0.3,0.2,0.4,1,0.1,10,10,1.3485215720745736
996,0.0,3.0,0.3,0.4,0.1,1,0.1,10,10,1.1225998763608225
997,0.0,3.0,0.3,0.4,0.2,1,0.1,10,10,1.1926900069313346
998,0.0,3.0,0.3,0.4,0.3,1,0.1,10,10,1.2678498039685968
999,0.0,3.0,0.3,0.4,0.4,1,0.1,10,10,1.3485445749422829
1000,0.0,3.0,0.3,0.6,0.1,1,0.1,10,10,1.1226038801218148
1001,0.0,3.0,0.3,0.6,0.2,1,0.1,10,10,1.1926975221566838
1002,0.0,3.0,0.3,0.6,0.3,1,0.1,10,10,1.2678634076571178
1003,0.0,3.0,0.3,0.6,0.4,1,0.1,10,10,1.348567555356191
1004,0.0,3.0,0.3,0.8,0.1,1,0.1,10,10,1.1226078801317807
1005,0.0,3.0,0.3,0.8,0.2,1,0.1,10,10,1.1927050303325193
1006,0.0,3.0,0.3,0.8,0.3,1,0.1,10,10,1.2678769982909548
1007,0.0,3.0,0.3,0.8,0.4,1,0.1,10,10,1.3485905133381288
1008,0.0,3.0,0.4,0.2,0.1,1,0.1,10,10,1.1214299076272392
1009,0.0,3.0,0.4,0.2,0.2,1,0.1,10,10,1.191417720153199
1010,0.0,3.0,0.4,0.2,0.3,1,0.1,10,10,1.2664621416258903
1011,0.0,3.0,0.4,0.2,0.4,1,0.1,10,10,1.347026403063925
1012,0.0,3.0,0.4,0.4,0.1,1,0.1,10,10,1.1214366114314511
1013,0.0,3.0,0.4,0.4,0.2,1,0.1,10,10,1.1914292182122903
1014,0.0,3.0,0.4,0.4,0.3,1,0.1,10,10,1.266481884995477
1015,0.0,3.0,0.4,0.4,0.4,1,0.1,10,10,1.3470587950753092
1016,0.0,3.0,0.4,0.6,0.1,1,0.1,10,10,1.12144330692538
1017,0.0,3.0,0.4,0.6,0.2,1,0.1,10,10,1.1914407020184472
1018,0.0,3.0,0.4,0.6,0.3,1,0.1,10,10,1.2665016033799847
1019,0.0,3.0,0.4,0.6,0.4,1,0.1,10,10,1.3470911454113916
1020,0.0,3.0,0.4,0.8,0.1,1,0.1,10,10,1.121449994112318
1021,0.0,3.0,0.4,0.8,0.2,1,0.1,10,10,1.1914521715827993
1022,0.0,3.0,0.4,0.8,0.3,1,0.1,10,10,1.2665212968057156
1023,0.0,3.0,0.4,0.8,0.4,1,0.1,10,10,1.3471234541223764
1024,0.0,3.0,0.5,0.2,0.1,1,0.1,10,10,1.1204587009878215
1025,0.0,3.0,0.5,0.2,0.2,1,0.1,10,10,1.1903586591481727
1026,0.0,3.0,0.5,0.2,0.3,1,0.1,10,10,1.2653054996098894
1027,0.0,3.0,0.5,0.2,0.4,1,0.1,10,10,1.345761166650156
1028,0.0,3.0,0.5,0.4,0.1,1,0.1,10,10,1.120468815996022
1029,0.0,3.0,0.5,0.4,0.2,1,0.1,10,10,1.190374908244832
1030,0.0,3.0,0.5,0.4,0.3,1,0.1,10,10,1.2653322124331543
1031,0.0,3.0,0.5,0.4,0.4,1,0.1,10,10,1.3458038673592927
1032,0.0,3.0,0.5,0.6,0.1,1,0.1,10,10,1.120478915425856
1033,0.0,3.0,0.5,0.6,0.2,1,0.1,10,10,1.1903911323790257
1034,0.0,3.0,0.5,0.6,0.3,1,0.1,10,10,1.2653588834793503
1035,0.0,3.0,0.5,0.6,0.4,1,0.1,10,10,1.3458465002474989
1036,0.0,3.0,0.5,0.8,0.1,1,0.1,10,10,1.1204889992836722
1037,0.0,3.0,0.5,0.8,0.2,1,0.1,10,10,1.1904073315717247
1038,0.0,3.0,0.5,0.8,0.3,1,0.1,10,10,1.2653855127978575
1039,0.0,3.0,0.5,0.8,0.4,1,0.1,10,10,1.345889065408849
1040,0.0,3.0,0.6,0.2,0.1,1,0.1,10,10,1.1196879323867823
1041,0.0,3.0,0.6,0.2,0.2,1,0.1,10,10,1.1895112922539195
1042,0.0,3.0,0.6,0.2,0.3,1,0.1,10,10,1.2643725786898286
1043,0.0,3.0,0.6,0.2,0.4,1,0.1,10,10,1.3447325289326
1044,0.0,3.0,0.6,0.4,0.1,1,0.1,10,10,1.119702196159068
1045,0.0,3.0,0.6,0.4,0.2,1,0.1,10,10,1.189533094434821
1046,0.0,3.0,0.6,0.4,0.3,1,0.1,10,10,1.2644071357244413
1047,0.0,3.0,0.6,0.4,0.4,1,0.1,10,10,1.3447864961817892
1048,0.0,3.0,0.6,0.6,0.1,1,0.1,10,10,1.1197164337175771
1049,0.0,3.0,0.6,0.6,0.2,1,0.1,10,10,1.1895548567695424
1050,0.0,3.0,0.6,0.6,0.3,1,0.1,10,10,1.2644416286710352
1051,0.0,3.0,0.6,0.6,0.4,1,0.1,10,10,1.3448403619449023
1052,0.0,3.0,0.6,0.8,0.1,1,0.1,10,10,1.119730645072592
1053,0.0,3.0,0.6,0.8,0.2,1,0.1,10,10,1.189576579292165
1054,0.0,3.0,0.6,0.8,0.3,1,0.1,10,10,1.2644760576102472
1055,0.0,3.0,0.6,0.8,0.4,1,0.1,10,10,1.344894126375817
1056,0.0,3.0,0.7,0.2,0.1,1,0.1,10,10,1.119123449437418
1057,0.0,3.0,0.7,0.2,0.2,1,0.1,10,10,1.1888817819144986
1058,0.0,3.0,0.7,0.2,0.3,1,0.1,10,10,1.263669876354906
1059,0.0,3.0,0.7,0.2,0.4,1,0.1,10,10,1.3439473446418178
1060,0.0,3.0,0.7,0.4,0.1,1,0.1,10,10,1.1191426234981348
1061,0.0,3.0,0.7,0.4,0.2,1,0.1,10,10,1.1889099675518573
1062,0.0,3.0,0.7,0.4,0.3,1,0.1,10,10,1.2637131860928639
1063,0.0,3.0,0.7,0.4,0.4,1,0.1,10,10,1.344013576729475
1064,0.0,3.0,0.7,0.6,0.1,1,0.1,10,10,1.1191617566698493
1065,0.0,3.0,0.7,0.6,0.2,1,0.1,10,10,1.1889380936162512
1066,0.0,3.0,0.7,0.6,0.3,1,0.1,10,10,1.2637564032766613
1067,0.0,3.0,0.7,0.6,0.4,1,0.1,10,10,1.3440796655834577
1068,0.0,3.0,0.7,0.8,0.1,1,0.1,10,10,1.1191808489667858
1069,0.0,3.0,0.7,0.8,0.2,1,0.1,10,10,1.1889661601568846
1070,0.0,3.0,0.7,0.8,0.3,1,0.1,10,10,1.263799528024708
1071,0.0,3.0,0.7,0.8,0.4,1,0.1,10,10,1.3441456114311008
1072,0.0,3.0,0.8,0.2,0.1,1,0.1,10,10,1.1187712636077778
1073,0.0,3.0,0.8,0.2,0.2,1,0.1,10,10,1.1884764620952817
1074,0.0,3.0,0.8,0.2,0.3,1,0.1,10,10,1.2632040697621694
1075,0.0,3.0,0.8,0.2,0.4,1,0.1,10,10,1.343412656894947
1076,0.0,3.0,0.8,0.4,0.1,1,0.1,10,10,1.1187961348404378
1077,0.0,3.0,0.8,0.4,0.2,1,0.1,10,10,1.188511891517171
1078,0.0,3.0,0.8,0.4,0.3,1,0.1,10,10,1.2632570763594584
1079,0.0,3.0,0.8,0.4,0.4,1,0.1,10,10,1.343492194884018
1080,0.0,3.0,0.8,0.6,0.1,1,0.1,10,10,1.1188209457812726
1081,0.0,3.0,0.8,0.6,0.2,1,0.1,10,10,1.188547236123209
1082,0.0,3.0,0.8,0.6,0.3,1,0.1,10,10,1.2633099551582168
1083,0.0,3.0,0.8,0.6,0.4,1,0.1,10,10,1.3435715392849623
1084,0.0,3.0,0.8,0.8,0.1,1,0.1,10,10,1.118845696446563
1085,0.0,3.0,0.8,0.8,0.2,1,0.1,10,10,1.1885824959769025
1086,0.0,3.0,0.8,0.8,0.3,1,0.1,10,10,1.2633627063170552
1087,0.0,3.0,0.8,0.8,0.4,1,0.1,10,10,1.3436506904063958
1088,0.0,3.0,0.9,0.2,0.1,1,0.1,10,10,1.1186375563450532
1089,0.0,3.0,0.9,0.2,0.2,1,0.1,10,10,1.1883018439139117
1090,0.0,3.0,0.9,0.2,0.3,1,0.1,10,10,1.262982020764686
1091,0.0,3.0,0.9,0.2,0.4,1,0.1,10,10,1.3431357013543996
1092,0.0,3.0,0.9,0.4,0.1,1,0.1,10,10,1.1186689384397732
1093,0.0,3.0,0.9,0.4,0.2,1,0.1,10,10,1.188345409088366
1094,0.0,3.0,0.9,0.4,0.3,1,0.1,10,10,1.2630457060228348
1095,0.0,3.0,0.9,0.4,0.4,1,0.1,10,10,1.3432296314346046
1096,0.0,3.0,0.9,0.6,0.1,1,0.1,10,10,1.118700235410565
1097,0.0,3.0,0.9,0.6,0.2,1,0.1,10,10,1.1883888580139057
1098,0.0,3.0,0.9,0.6,0.3,1,0.1,10,10,1.2631092208554222
1099,0.0,3.0,0.9,0.6,0.4,1,0.1,10,10,1.3433233084880472
1100,0.0,3.0,0.9,0.8,0.1,1,0.1,10,10,1.1187314472704917
1101,0.0,3.0,0.9,0.8,0.2,1,0.1,10,10,1.1884321907625444
1102,0.0,3.0,0.9,0.8,0.3,1,0.1,10,10,1.2631725654564507
1103,0.0,3.0,0.9,0.8,0.4,1,0.1,10,10,1.3434167329019318
1104,0.0,3.0,1.0,0.2,0.1,1,0.1,10,10,1.1187286687494415
1105,0.0,3.0,1.0,0.2,0.2,1,0.1,10,10,1.1883646059875166
1106,0.0,3.0,1.0,0.2,0.3,1,0.1,10,10,1.2630107671258621
1107,0.0,3.0,1.0,0.2,0.4,1,0.1,10,10,1.3431238981946811
1108,0.0,3.0,1.0,0.4,0.1,1,0.1,10,10,1.1187674037811477
1109,0.0,3.0,1.0,0.4,0.2,1,0.1,10,10,1.1884172323779698
1110,0.0,3.0,1.0,0.4,0.3,1,0.1,10,10,1.2630861527044663
1111,0.0,3.0,1.0,0.4,0.4,1,0.1,10,10,1.3432333543635742
1112,0.0,3.0,1.0,0.6,0.1,1,0.1,10,10,1.1188060227105836
1113,0.0,3.0,1.0,0.6,0.2,1,0.1,10,10,1.1884697042216243
1114,0.0,3.0,1.0,0.6,0.3,1,0.1,10,10,1.2631613172650693
1115,0.0,3.0,1.0,0.6,0.4,1,0.1,10,10,1.3433424885590222
1116,0.0,3.0,1.0,0.8,0.1,1,0.1,10,10,1.1188445255369217
1117,0.0,3.0,1.0,0.8,0.2,1,0.1,10,10,1.1885220215853514
1118,0.0,3.0,1.0,0.8,0.3,1,0.1,10,10,1.2632362604892984
1119,0.0,3.0,1.0,0.8,0.4,1,0.1,10,10,1.343451301227374
1120,0.5,0.0,0.1,0.2,0.1,1,0.1,10,10,1.1034664797095628
1121,0.5,0.0,0.1,0.2,0.2,1,0.1,10,10,1.1726131248694858
1122,0.5,0.0,0.1,0.2,0.3,1,0.1,10,10,1.24678246904199
1123,0.5,0.0,0.1,0.2,0.4,1,0.1,10,10,1.3264361256834742
1124,0.5,0.0,0.1,0.4,0.1,1,0.1,10,10,1.103371911757666
1125,0.5,0.0,0.1,0.4,0.2,1,0.1,10,10,1.1725078784731022
1126,0.5,0.0,0.1,0.4,0.3,1,0.1,10,10,1.2466627742036676
1127,0.5,0.0,0.1,0.4,0.4,1,0.1,10,10,1.3262972575934284
1128,0.5,0.0,0.1,0.6,0.1,1,0.1,10,10,1.1032772387776095
1129,0.5,0.0,0.1,0.6,0.2,1,0.1,10,10,1.1724025351466678
1130,0.5,0.0,0.1,0.6,0.3,1,0.1,10,10,1.2465429985710779
1131,0.5,0.0,0.1,0.6,0.4,1,0.1,10,10,1.3261583357950326
1132,0.5,0.0,0.1,0.8,0.1,1,0.1,10,10,1.1031824617197183
1133,0.5,0.0,0.1,0.8,0.2,1,0.1,10,10,1.172297096022776
1134,0.5,0.0,0.1,0.8,0.3,1,0.1,10,10,1.2464231435305502
1135,0.5,0.0,0.1,0.8,0.4,1,0.1,10,10,1.326019439751397
1136,0.5,0.0,0.2,0.2,0.1,1,0.1,10,10,1.0799192891231362
1137,0.5,0.0,0.2,0.2,0.2,1,0.1,10,10,1.1477671994985237
1138,0.5,0.0,0.2,0.2,0.3,1,0.1,10,10,1.2205572292433702
1139,0.5,0.0,0.2,0.2,0.4,1,0.1,10,10,1.2987435241423004
1140,0.5,0.0,0.2,0.4,0.1,1,0.1,10,10,1.0797354391909666
1141,0.5,0.0,0.2,0.4,0.2,1,0.1,10,10,1.1475633486222412
1142,0.5,0.0,0.2,0.4,0.3,1,0.1,10,10,1.220326230593782
1143,0.5,0.0,0.2,0.4,0.4,1,0.1,10,10,1.2984763658586604
1144,0.5,0.0,0.2,0.6,0.1,1,0.1,10,10,1.0795511750955815
1145,0.5,0.0,0.2,0.6,0.2,1,0.1,10,10,1.1473591086833426
1146,0.5,0.0,0.2,0.6,0.3,1,0.1,10,10,1.2200948981864317
1147,0.5,0.0,0.2,0.6,0.4,1,0.1,10,10,1.2982090859542457
1148,0.5,0.0,0.2,0.8,0.1,1,0.1,10,10,1.0793665042711509
1149,0.5,0.0,0.2,0.8,0.2,1,0.1,10,10,1.1471544884568592
1150,0.5,0.0,0.2,0.8,0.3,1,0.1,10,10,1.2198632426832727
1151,0.5,0.0,0.2,0.8,0.4,1,0.1,10,10,1.2979415118724018
1152,0.5,0.0,0.3,0.2,0.1,1,0.1,10,10,1.056573100297448
1153,0.5,0.0,0.3,0.2,0.2,1,0.1,10,10,1.1231231822807148
1154,0.5,0.0,0.3,0.2,0.3,1,0.1,10,10,1.1945342667694496
1155,0.5,0.0,0.3,0.2,0.4,1,0.1,10,10,1.27125334432687
1156,0.5,0.0,0.3,0.4,0.1,1,0.1,10,10,1.0563051227937854
1157,0.5,0.0,0.3,0.4,0.2,1,0.1,10,10,1.122827145880668
1158,0.5,0.0,0.3,0.4,0.3,1,0.1,10,10,1.194200022486919
1159,0.5,0.0,0.3,0.4,0.4,1,0.1,10,10,1.2708681400665174
1160,0.5,0.0,0.3,0.6,0.1,1,0.1,10,10,1.0560362268445282
1161,0.5,0.0,0.3,0.6,0.2,1,0.1,10,10,1.1225302315513028
1162,0.5,0.0,0.3,0.6,0.3,1,0.1,10,10,1.1938650049766222
1163,0.5,0.0,0.3,0.6,0.4,1,0.1,10,10,1.270482353705489
1164,0.5,0.0,0.3,0.8,0.1,1,0.1,10,10,1.0557664369710515
1165,0.5,0.0,0.3,0.8,0.2,1,0.1,10,10,1.1222324679683302
1166,0.5,0.0,0.3,0.8,0.3,1,0.1,10,10,1.1935292487474374
1167,0.5,0.0,0.3,0.8,0.4,1,0.1,10,10,1.270096027668737
1168,0.5,0.0,0.4,0.2,0.1,1,0.1,10,10,1.03343463721928
1169,0.5,0.0,0.4,0.2,0.2,1,0.1,10,10,1.0986883364726778
1170,0.5,0.0,0.4,0.2,0.3,1,0.1,10,10,1.1687214808358946
1171,0.5,0.0,0.4,0.2,0.4,1,0.1,10,10,1.2439740112535709
1172,0.5,0.0,0.4,0.4,0.1,1,0.1,10,10,1.0330875532155657
1173,0.5,0.0,0.4,0.4,0.2,1,0.1,10,10,1.0983063111768545
1174,0.5,0.0,0.4,0.4,0.3,1,0.1,10,10,1.1682917135194981
1175,0.5,0.0,0.4,0.4,0.4,1,0.1,10,10,1.2434803992381371
1176,0.5,0.0,0.4,0.6,0.1,1,0.1,10,10,1.0327388603537109
1177,0.5,0.0,0.4,0.6,0.2,1,0.1,10,10,1.0979227215258534
1178,0.5,0.0,0.4,0.6,0.3,1,0.1,10,10,1.167860533713307
1179,0.5,0.0,0.4,0.6,0.4,1,0.1,10,10,1.242985669390558
1180,0.5,0.0,0.4,0.8,0.1,1,0.1,10,10,1.0323886154208302
1181,0.5,0.0,0.4,0.8,0.2,1,0.1,10,10,1.0975376333138576
1182,0.5,0.0,0.4,0.8,0.3,1,0.1,10,10,1.1674280199083644
1183,0.5,0.0,0.4,0.8,0.4,1,0.1,10,10,1.2424899177683062
1184,0.5,0.0,0.5,0.2,0.1,1,0.1,10,10,1.0105105483912726
1185,0.5,0.0,0.5,0.2,0.2,1,0.1,10,10,1.0744696946685
1186,0.5,0.0,0.5,0.2,0.3,1,0.1,10,10,1.143126691146087
1187,0.5,0.0,0.5,0.2,0.4,1,0.1,10,10,1.21691380512016
1188,0.5,0.0,0.5,0.4,0.1,1,0.1,10,10,1.010089244096226
1189,0.5,0.0,0.5,0.4,0.2,1,0.1,10,10,1.0740076572245252
1190,0.5,0.0,0.5,0.4,0.3,1,0.1,10,10,1.1426087949816015
1191,0.5,0.0,0.5,0.4,0.4,1,0.1,10,10,1.2163210116734409
1192,0.5,0.0,0.5,0.6,0.1,1,0.1,10,10,1.009665463481098
1193,0.5,0.0,0.5,0.6,0.2,1,0.1,10,10,1.0735431734915126
1194,0.5,0.0,0.5,0.6,0.3,1,0.1,10,10,1.142088635152778
1195,0.5,0.0,0.5,0.6,0.4,1,0.1,10,10,1.2157263474138826
1196,0.5,0.0,0.5,0.8,0.1,1,0.1,10,10,1.0092393148775656
1197,0.5,0.0,0.5,0.8,0.2,1,0.1,10,10,1.0730763676404322
1198,0.5,0.0,0.5,0.8,0.3,1,0.1,10,10,1.1415663589064613
1199,0.5,0.0,0.5,0.8,0.4,1,0.1,10,10,1.2151299914892986
1200,0.5,0.0,0.6,0.2,0.1,1,0.1,10,10,0.9878070909905038
1201,0.5,0.0,0.6,0.2,0.2,1,0.1,10,10,1.05047449933972
1202,0.5,0.0,0.6,0.2,0.3,1,0.1,10,10,1.117757550068992
1203,0.5,0.0,0.6,0.2,0.4,1,0.1,10,10,1.1900810304321496
1204,0.5,0.0,0.6,0.4,0.1,1,0.1,10,10,0.9873163208432576
1205,0.5,0.0,0.6,0.4,0.2,1,0.1,10,10,1.0499382052166877
1206,0.5,0.0,0.6,0.4,0.3,1,0.1,10,10,1.1171585969131863
1207,0.5,0.0,0.6,0.4,0.4,1,0.1,10,10,1.1893978301670256
1208,0.5,0.0,0.6,0.6,0.1,1,0.1,10,10,0.9868220425033012
1209,0.5,0.0,0.6,0.6,0.2,1,0.1,10,10,1.0493983871447221
1210,0.5,0.0,0.6,0.6,0.3,1,0.1,10,10,1.116556307521884
1211,0.5,0.0,0.6,0.6,0.4,1,0.1,10,10,1.1887117653017698
1212,0.5,0.0,0.6,0.8,0.1,1,0.1,10,10,0.9863244384801592
1213,0.5,0.0,0.6,0.8,0.2,1,0.1,10,10,1.0488552525919097
1214,0.5,0.0,0.6,0.8,0.3,1,0.1,10,10,1.115950926244493
1215,0.5,0.0,0.6,0.8,0.4,1,0.1,10,10,1.1880231313562541
1216,0.5,0.0,0.7,0.2,0.1,1,0.1,10,10,0.9653309068332292
1217,0.5,0.0,0.7,0.2,0.2,1,0.1,10,10,1.026709909682914
1218,0.5,0.0,0.7,0.2,0.3,1,0.1,10,10,1.0926217018454163
1219,0.5,0.0,0.7,0.2,0.4,1,0.1,10,10,1.163483950079126
1220,0.5,0.0,0.7,0.4,0.1,1,0.1,10,10,0.9647754555851304
1221,0.5,0.0,0.7,0.4,0.2,1,0.1,10,10,1.0261048957892178
1222,0.5,0.0,0.7,0.4,0.3,1,0.1,10,10,1.0919484446196803
1223,0.5,0.0,0.7,0.4,0.4,1,0.1,10,10,1.1627186740150035
1224,0.5,0.0,0.7,0.6,0.1,1,0.1,10,10,0.9642151327245028
1225,0.5,0.0,0.7,0.6,0.2,1,0.1,10,10,1.0254950847181816
1226,0.5,0.0,0.7,0.6,0.3,1,0.1,10,10,1.0912705493040786
1227,0.5,0.0,0.7,0.6,0.4,1,0.1,10,10,1.161949278277539
1228,0.5,0.0,0.7,0.8,0.1,1,0.1,10,10,0.9636502347933524
1229,0.5,0.0,0.7,0.8,0.2,1,0.1,10,10,1.0248807952420558
1230,0.5,0.0,0.7,0.8,0.3,1,0.1,10,10,1.0905883884802312
1231,0.5,0.0,0.7,0.8,0.4,1,0.1,10,10,1.1611762107505923
1232,0.5,0.0,0.8,0.2,0.1,1,0.1,10,10,0.9430885426264016
1233,0.5,0.0,0.8,0.2,0.2,1,0.1,10,10,1.0031827562749192
1234,0.5,0.0,0.8,0.2,0.3,1,0.1,10,10,1.0677267060265248
1235,0.5,0.0,0.8,0.2,0.4,1,0.1,10,10,1.1371307662361332
1236,0.5,0.0,0.8,0.4,0.1,1,0.1,10,10,0.942472544810766
1237,0.5,0.0,0.8,0.4,0.2,1,0.1,10,10,1.002514344186323
1238,0.5,0.0,0.8,0.4,0.3,1,0.1,10,10,1.0669855839316438
1239,0.5,0.0,0.8,0.4,0.4,1,0.1,10,10,1.136291310625953
1240,0.5,0.0,0.8,0.6,0.1,1,0.1,10,10,0.9418505099426224
1241,0.5,0.0,0.8,0.6,0.2,1,0.1,10,10,1.001839670165951
1242,0.5,0.0,0.8,0.6,0.3,1,0.1,10,10,1.0662382866851559
1243,0.5,0.0,0.8,0.6,0.4,1,0.1,10,10,1.1354462017009237
1244,0.5,0.0,0.8,0.8,0.1,1,0.1,10,10,0.941222849769082
1245,0.5,0.0,0.8,0.8,0.2,1,0.1,10,10,1.0011591945799327
1246,0.5,0.0,0.8,0.8,0.3,1,0.1,10,10,1.0654853482807445
1247,0.5,0.0,0.8,0.8,0.4,1,0.1,10,10,1.1345960774507025
1248,0.5,0.0,0.9,0.2,0.1,1,0.1,10,10,0.9210860150819336
1249,0.5,0.0,0.9,0.2,0.2,1,0.1,10,10,0.9798998508426116
1250,0.5,0.0,0.9,0.2,0.3,1,0.1,10,10,1.0430800198167058
1251,0.5,0.0,0.9,0.2,0.4,1,0.1,10,10,1.1110296009702467
1252,0.5,0.0,0.9,0.4,0.1,1,0.1,10,10,0.9204139776775212
1253,0.5,0.0,0.9,0.4,0.2,1,0.1,10,10,0.979173148306818
1254,0.5,0.0,0.9,0.4,0.3,1,0.1,10,10,1.0422771640173305
1255,0.5,0.0,0.9,0.4,0.4,1,0.1,10,10,1.1101234367989194
1256,0.5,0.0,0.9,0.6,0.1,1,0.1,10,10,0.9197344250312282
1257,0.5,0.0,0.9,0.6,0.2,1,0.1,10,10,0.9784385313716382
1258,0.5,0.0,0.9,0.6,0.3,1,0.1,10,10,1.0414663568898022
1259,0.5,0.0,0.9,0.6,0.4,1,0.1,10,10,1.109209793105044
1260,0.5,0.0,0.9,0.8,0.1,1,0.1,10,10,0.9190479290700924
1261,0.5,0.0,0.9,0.8,0.2,1,0.1,10,10,0.9776966341661756
1262,0.5,0.0,0.9,0.8,0.3,1,0.1,10,10,1.0406483284354846
1263,0.5,0.0,0.9,0.8,0.4,1,0.1,10,10,1.1082895366627452
1264,0.5,0.0,1.0,0.2,0.1,1,0.1,10,10,0.8993293681966692
1265,0.5,0.0,1.0,0.2,0.2,1,0.1,10,10,0.9568678695138004
1266,0.5,0.0,1.0,0.2,0.3,1,0.1,10,10,1.018688980365017
1267,0.5,0.0,1.0,0.2,0.4,1,0.1,10,10,1.085188476637616
1268,0.5,0.0,1.0,0.4,0.1,1,0.1,10,10,0.8986054895036063
1269,0.5,0.0,1.0,0.4,0.2,1,0.1,10,10,0.9560877730530708
1270,0.5,0.0,1.0,0.4,0.3,1,0.1,10,10,1.017830220122965
1271,0.5,0.0,1.0,0.4,0.4,1,0.1,10,10,1.0842226597500202
1272,0.5,0.0,1.0,0.6,0.1,1,0.1,10,10,0.89787248863683
1273,0.5,0.0,1.0,0.6,0.2,1,0.1,10,10,0.9552979268245716
1274,0.5,0.0,1.0,0.6,0.3,1,0.1,10,10,1.0169614914016676
1275,0.5,0.0,1.0,0.6,0.4,1,0.1,10,10,1.0832472339084322
1276,0.5,0.0,1.0,0.8,0.1,1,0.1,10,10,0.8971311307493552
1277,0.5,0.0,1.0,0.8,0.2,1,0.1,10,10,0.954499172316232
1278,0.5,0.0,1.0,0.8,0.3,1,0.1,10,10,1.016083755672777
1279,0.5,0.0,1.0,0.8,0.4,1,0.1,10,10,1.0822633336138037
1280,0.5,0.5,0.1,0.2,0.1,1,0.1,10,10,1.1034664797095628
1281,0.5,0.5,0.1,0.2,0.2,1,0.1,10,10,1.1726131248694858
1282,0.5,0.5,0.1,0.2,0.3,1,0.1,10,10,1.24678246904199
1283,0.5,0.5,0.1,0.2,0.4,1,0.1,10,10,1.3264361256834742
1284,0.5,0.5,0.1,0.4,0.1,1,0.1,10,10,1.103371911757666
1285,0.5,0.5,0.1,0.4,0.2,1,0.1,10,10,1.1725078784731022
1286,0.5,0.5,0.1,0.4,0.3,1,0.1,10,10,1.2466627742036676
1287,0.5,0.5,0.1,0.4,0.4,1,0.1,10,10,1.3262972575934284
1288,0.5,0.5,0.1,0.6,0.1,1,0.1,10,10,1.1032772387776095
1289,0.5,0.5,0.1,0.6,0.2,1,0.1,10,10,1.1724025351466678
1290,0.5,0.5,0.1,0.6,0.3,1,0.1,10,10,1.2465429985710779
1291,0.5,0.5,0.1,0.6,0.4,1,0.1,10,10,1.3261583357950326
1292,0.5,0.5,0.1,0.8,0.1,1,0.1,10,10,1.1031824617197183
1293,0.5,0.5,0.1,0.8,0.2,1,0.1,10,10,1.172297096022776
1294,0.5,0.5,0.1,0.8,0.3,1,0.1,10,10,1.2464231435305502
1295,0.5,0.5,0.1,0.8,0.4,1,0.1,10,10,1.326019439751397
1296,0.5,0.5,0.2,0.2,0.1,1,0.1,10,10,1.0799192891231362
1297,0.5,0.5,0.2,0.2,0.2,1,0.1,10,10,1.1477671994985237
1298,0.5,0.5,0.2,0.2,0.3,1,0.1,10,10,1.2205572292433702
1299,0.5,0.5,0.2,0.2,0.4,1,0.1,10,10,1.2987435241423004
1300,0.5,0.5,0.2,0.4,0.1,1,0.1,10,10,1.0797354391909666
1301,0.5,0.5,0.2,0.4,0.2,1,0.1,10,10,1.1475633486222412
1302,0.5,0.5,0.2,0.4,0.3,1,0.1,10,10,1.220326230593782
1303,0.5,0.5,0.2,0.4,0.4,1,0.1,10,10,1.2984763658586604
1304,0.5,0.5,0.2,0.6,0.1,1,0.1,10,10,1.0795511750955815
1305,0.5,0.5,0.2,0.6,0.2,1,0.1,10,10,1.1473591086833426
1306,0.5,0.5,0.2,0.6,0.3,1,0.1,10,10,1.2200948981864317
1307,0.5,0.5,0.2,0.6,0.4,1,0.1,10,10,1.2982090859542457
1308,0.5,0.5,0.2,0.8,0.1,1,0.1,10,10,1.0793665042711509
1309,0.5,0.5,0.2,0.8,0.2,1,0.1,10,10,1.1471544884568592
1310,0.5,0.5,0.2,0.8,0.3,1,0.1,10,10,1.2198632426832727
1311,0.5,0.5,0.2,0.8,0.4,1,0.1,10,10,1.2979415118724018
1312,0.5,0.5,0.3,0.2,0.1,1,0.1,10,10,1.056573100297448
1313,0.5,0.5,0.3,0.2,0.2,1,0.1,10,10,1.1231231822807148
1314,0.5,0.5,0.3,0.2,0.3,1,0.1,10,10,1.1945342667694496
1315,0.5,0.5,0.3,0.2,0.4,1,0.1,10,10,1.27125334432687
1316,0.5,0.5,0.3,0.4,0.1,1,0.1,10,10,1.0563051227937854
1317,0.5,0.5,0.3,0.4,0.2,1,0.1,10,10,1.122827145880668
1318,0.5,0.5,0.3,0.4,0.3,1,0.1,10,10,1.194200022486919
1319,0.5,0.5,0.3,0.4,0.4,1,0.1,10,10,1.2708681400665174
1320,0.5,0.5,0.3,0.6,0.1,1,0.1,10,10,1.0560362268445282
1321,0.5,0.5,0.3,0.6,0.2,1,0.1,10,10,1.1225302315513028
1322,0.5,0.5,0.3,0.6,0.3,1,0.1,10,10,1.1938650049766222
1323,0.5,0.5,0.3,0.6,0.4,1,0.1,10,10,1.270482353705489
1324,0.5,0.5,0.3,0.8,0.1,1,0.1,10,10,1.0557664369710515
1325,0.5,0.5,0.3,0.8,0.2,1,0.1,10,10,1.1222324679683302
1326,0.5,0.5,0.3,0.8,0.3,1,0.1,10,10,1.1935292487474374
1327,0.5,0.5,0.3,0.8,0.4,1,0.1,10,10,1.270096027668737
1328,0.5,0.5,0.4,0.2,0.1,1,0.1,10,10,1.03343463721928
1329,0.5,0.5,0.4,0.2,0.2,1,0.1,10,10,1.0986883364726778
1330,0.5,0.5,0.4,0.2,0.3,1,0.1,10,10,1.1687214808358946
1331,0.5,0.5,0.4,0.2,0.4,1,0.1,10,10,1.2439740112535709
1332,0.5,0.5,0.4,0.4,0.1,1,0.1,10,10,1.0330875532155657
1333,0.5,0.5,0.4,0.4,0.2,1,0.1,10,10,1.0983063111768545
1334,0.5,0.5,0.4,0.4,0.3,1,0.1,10,10,1.1682917135194981
1335,0.5,0.5,0.4,0.4,0.4,1,0.1,10,10,1.2434803992381371
1336,0.5,0.5,0.4,0.6,0.1,1,0.1,10,10,1.0327388603537109
1337,0.5,0.5,0.4,0.6,0.2,1,0.1,10,10,1.0979227215258534
1338,0.5,0.5,0.4,0.6,0.3,1,0.1,10,10,1.167860533713307
1339,0.5,0.5,0.4,0.6,0.4,1,0.1,10,10,1.242985669390558
1340,0.5,0.5,0.4,0.8,0.1,1,0.1,10,10,1.0323886154208302
1341,0.5,0.5,0.4,0.8,0.2,1,0.1,10,10,1.0975376333138576
1342,0.5,0.5,0.4,0.8,0.3,1,0.1,10,10,1.1674280199083644
1343,0.5,0.5,0.4,0.8,0.4,1,0.1,10,10,1.2424899177683062
1344,0.5,0.5,0.5,0.2,0.1,1,0.1,10,10,1.0105105483912726
1345,0.5,0.5,0.5,0.2,0.2,1,0.1,10,10,1.0744696946685
1346,0.5,0.5,0.5,0.2,0.3,1,0.1,10,10,1.143126691146087
1347,0.5,0.5,0.5,0.2,0.4,1,0.1,10,10,1.21691380512016
1348,0.5,0.5,0.5,0.4,0.1,1,0.1,10,10,1.010089244096226
1349,0.5,0.5,0.5,0.4,0.2,1,0.1,10,10,1.0740076572245252
1350,0.5,0.5,0.5,0.4,0.3,1,0.1,10,10,1.1426087949816015
1351,0.5,0.5,0.5,0.4,0.4,1,0.1,10,10,1.2163210116734409
1352,0.5,0.5,0.5,0.6,0.1,1,0.1,10,10,1.009665463481098
1353,0.5,0.5,0.5,0.6,0.2,1,0.1,10,10,1.0735431734915126
1354,0.5,0.5,0.5,0.6,0.3,1,0.1,10,10,1.142088635152778
1355,0.5,0.5,0.5,0.6,0.4,1,0.1,10,10,1.2157263474138826
1356,0.5,0.5,0.5,0.8,0.1,1,0.1,10,10,1.0092393148775656
1357,0.5,0.5,0.5,0.8,0.2,1,0.1,10,10,1.0730763676404322
1358,0.5,0.5,0.5,0.8,0.3,1,0.1,10,10,1.1415663589064613
1359,0.5,0.5,0.5,0.8,0.4,1,0.1,10,10,1.2151299914892986
1360,0.5,0.5,0.6,0.2,0.1,1,0.1,10,10,0.9878070909905038
1361,0.5,0.5,0.6,0.2,0.2,1,0.1,10,10,1.05047449933972
1362,0.5,0.5,0.6,0.2,0.3,1,0.1,10,10,1.117757550068992
1363,0.5,0.5,0.6,0.2,0.4,1,0.1,10,10,1.1900810304321496
1364,0.5,0.5,0.6,0.4,0.1,1,0.1,10,10,0.9873163208432576
1365,0.5,0.5,0.6,0.4,0.2,1,0.1,10,10,1.0499382052166877
1366,0.5,0.5,0.6,0.4,0.3,1,0.1,10,10,1.1171585969131863
1367,0.5,0.5,0.6,0.4,0.4,1,0.1,10,10,1.1893978301670256
1368,0.5,0.5,0.6,0.6,0.1,1,0.1,10,10,0.9868220425033012
1369,0.5,0.5,0.6,0.6,0.2,1,0.1,10,10,1.0493983871447221
1370,0.5,0.5,0.6,0.6,0.3,1,0.1,10,10,1.116556307521884
1371,0.5,0.5,0.6,0.6,0.4,1,0.1,10,10,1.1887117653017698
1372,0.5,0.5,0.6,0.8,0.1,1,0.1,10,10,0.9863244384801592
1373,0.5,0.5,0.6,0.8,0.2,1,0.1,10,10,1.0488552525919097
1374,0.5,0.5,0.6,0.8,0.3,1,0.1,10,10,1.115950926244493
1375,0.5,0.5,0.6,0.8,0.4,1,0.1,10,10,1.1880231313562541
1376,0.5,0.5,0.7,0.2,0.1,1,0.1,10,10,0.9653309068332292
1377,0.5,0.5,0.7,0.2,0.2,1,0.1,10,10,1.026709909682914
1378,0.5,0.5,0.7,0.2,0.3,1,0.1,10,10,1.0926217018454163
1379,0.5,0.5,0.7,0.2,0.4,1,0.1,10,10,1.163483950079126
1380,0.5,0.5,0.7,0.4,0.1,1,0.1,10,10,0.9647754555851304
1381,0.5,0.5,0.7,0.4,0.2,1,0.1,10,10,1.0261048957892178
1382,0.5,0.5,0.7,0.4,0.3,1,0.1,10,10,1.0919484446196803
1383,0.5,0.5,0.7,0.4,0.4,1,0.1,10,10,1.1627186740150035
1384,0.5,0.5,0.7,0.6,0.1,1,0.1,10,10,0.9642151327245028
1385,0.5,0.5,0.7,0.6,0.2,1,0.1,10,10,1.0254950847181816
1386,0.5,0.5,0.7,0.6,0.3,1,0.1,10,10,1.0912705493040786
1387,0.5,0.5,0.7,0.6,0.4,1,0.1,10,10,1.161949278277539
1388,0.5,0.5,0.7,0.8,0.1,1,0.1,10,10,0.9636502347933524
1389,0.5,0.5,0.7,0.8,0.2,1,0.1,10,10,1.0248807952420558
1390,0.5,0.5,0.7,0.8,0.3,1,0.1,10,10,1.0905883884802312
1391,0.5,0.5,0.7,0.8,0.4,1,0.1,10,10,1.1611762107505923
1392,0.5,0.5,0.8,0.2,0.1,1,0.1,10,10,0.9430885426264016
1393,0.5,0.5,0.8,0.2,0.2,1,0.1,10,10,1.0031827562749192
1394,0.5,0.5,0.8,0.2,0.3,1,0.1,10,10,1.0677267060265248
1395,0.5,0.5,0.8,0.2,0.4,1,0.1,10,10,1.1371307662361332
1396,0.5,0.5,0.8,0.4,0.1,1,0.1,10,10,0.942472544810766
1397,0.5,0.5,0.8,0.4,0.2,1,0.1,10,10,1.002514344186323
1398,0.5,0.5,0.8,0.4,0.3,1,0.1,10,10,1.0669855839316438
1399,0.5,0.5,0.8,0.4,0.4,1,0.1,10,10,1.136291310625953
1400,0.5,0.5,0.8,0.6,0.1,1,0.1,10,10,0.9418505099426224
1401,0.5,0.5,0.8,0.6,0.2,1,0.1,10,10,1.001839670165951
1402,0.5,0.5,0.8,0.6,0.3,1,0.1,10,10,1.0662382866851559
1403,0.5,0.5,0.8,0.6,0.4,1,0.1,10,10,1.1354462017009237
1404,0.5,0.5,0.8,0.8,0.1,1,0.1,10,10,0.941222849769082
1405,0.5,0.5,0.8,0.8,0.2,1,0.1,10,10,1.0011591945799327
1406,0.5,0.5,0.8,0.8,0.3,1,0.1,10,10,1.0654853482807445
1407,0.5,0.5,0.8,0.8,0.4,1,0.1,10,10,1.1345960774507025
1408,0.5,0.5,0.9,0.2,0.1,1,0.1,10,10,0.9210860150819336
1409,0.5,0.5,0.9,0.2,0.2,1,0.1,10,10,0.9798998508426116
1410,0.5,0.5,0.9,0.2,0.3,1,0.1,10,10,1.0430800198167058
1411,0.5,0.5,0.9,0.2,0.4,1,0.1,10,10,1.1110296009702467
1412,0.5,0.5,0.9,0.4,0.1,1,0.1,10,10,0.9204139776775212
1413,0.5,0.5,0.9,0.4,0.2,1,0.1,10,10,0.979173148306818
1414,0.5,0.5,0.9,0.4,0.3,1,0.1,10,10,1.0422771640173305
1415,0.5,0.5,0.9,0.4,0.4,1,0.1,10,10,1.1101234367989194
1416,0.5,0.5,0.9,0.6,0.1,1,0.1,10,10,0.9197344250312282
1417,0.5,0.5,0.9,0.6,0.2,1,0.1,10,10,0.9784385313716382
1418,0.5,0.5,0.9,0.6,0.3,1,0.1,10,10,1.0414663568898022
1419,0.5,0.5,0.9,0.6,0.4,1,0.1,10,10,1.109209793105044
1420,0.5,0.5,0.9,0.8,0.1,1,0.1,10,10,0.9190479290700924
1421,0.5,0.5,0.9,0.8,0.2,1,0.1,10,10,0.9776966341661756
1422,0.5,0.5,0.9,0.8,0.3,1,0.1,10,10,1.0406483284354846
1423,0.5,0.5,0.9,0.8,0.4,1,0.1,10,10,1.1082895366627452
1424,0.5,0.5,1.0,0.2,0.1,1,0.1,10,10,0.8993293681966692
1425,0.5,0.5,1.0,0.2,0.2,1,0.1,10,10,0.9568678695138004
1426,0.5,0.5,1.0,0.2,0.3,1,0.1,10,10,1.018688980365017
1427,0.5,0.5,1.0,0.2,0.4,1,0.1,10,10,1.085188476637616
1428,0.5,0.5,1.0,0.4,0.1,1,0.1,10,10,0.8986054895036063
1429,0.5,0.5,1.0,0.4,0.2,1,0.1,10,10,0.9560877730530708
1430,0.5,0.5,1.0,0.4,0.3,1,0.1,10,10,1.017830220122965
1431,0.5,0.5,1.0,0.4,0.4,1,0.1,10,10,1.0842226597500202
1432,0.5,0.5,1.0,0.6,0.1,1,0.1,10,10,0.89787248863683
1433,0.5,0.5,1.0,0.6,0.2,1,0.1,10,10,0.9552979268245716
1434,0.5,0.5,1.0,0.6,0.3,1,0.1,10,10,1.0169614914016676
1435,0.5,0.5,1.0,0.6,0.4,1,0.1,10,10,1.0832472339084322
1436,0.5,0.5,1.0,0.8,0.1,1,0.1,10,10,0.8971311307493552
1437,0.5,0.5,1.0,0.8,0.2,1,0.1,10,10,0.954499172316232
1438,0.5,0.5,1.0,0.8,0.3,1,0.1,10,10,1.016083755672777
1439,0.5,0.5,1.0,0.8,0.4,1,0.1,10,10,1.0822633336138037
1440,0.5,1.0,0.1,0.2,0.1,1,0.1,10,10,1.1034664797095628
1441,0.5,1.0,0.1,0.2,0.2,1,0.1,10,10,1.1726131248694858
1442,0.5,1.0,0.1,0.2,0.3,1,0.1,10,10,1.24678246904199
1443,0.5,1.0,0.1,0.2,0.4,1,0.1,10,10,1.3264361256834742
1444,0.5,1.0,0.1,0.4,0.1,1,0.1,10,10,1.103371911757666
1445,0.5,1.0,0.1,0.4,0.2,1,0.1,10,10,1.1725078784731022
1446,0.5,1.0,0.1,0.4,0.3,1,0.1,10,10,1.2466627742036676
1447,0.5,1.0,0.1,0.4,0.4,1,0.1,10,10,1.3262972575934284
1448,0.5,1.0,0.1,0.6,0.1,1,0.1,10,10,1.1032772387776095
1449,0.5,1.0,0.1,0.6,0.2,1,0.1,10,10,1.1724025351466678
1450,0.5,1.0,0.1,0.6,0.3,1,0.1,10,10,1.2465429985710779
1451,0.5,1.0,0.1,0.6,0.4,1,0.1,10,10,1.3261583357950326
1452,0.5,1.0,0.1,0.8,0.1,1,0.1,10,10,1.1031824617197183
1453,0.5,1.0,0.1,0.8,0.2,1,0.1,10,10,1.172297096022776
1454,0.5,1.0,0.1,0.8,0.3,1,0.1,10,10,1.2464231435305502
1455,0.5,1.0,0.1,0.8,0.4,1,0.1,10,10,1.326019439751397
1456,0.5,1.0,0.2,0.2,0.1,1,0.1,10,10,1.0799192891231362
1457,0.5,1.0,0.2,0.2,0.2,1,0.1,10,10,1.1477671994985237
1458,0.5,1.0,0.2,0.2,0.3,1,0.1,10,10,1.2205572292433702
1459,0.5,1.0,0.2,0.2,0.4,1,0.1,10,10,1.2987435241423004
1460,0.5,1.0,0.2,0.4,0.1,1,0.1,10,10,1.0797354391909666
1461,0.5,1.0,0.2,0.4,0.2,1,0.1,10,10,1.1475633486222412
1462,0.5,1.0,0.2,0.4,0.3,1,0.1,10,10,1.220326230593782
1463,0.5,1.0,0.2,0.4,0.4,1,0.1,10,10,1.2984763658586604
1464,0.5,1.0,0.2,0.6,0.1,1,0.1,10,10,1.0795511750955815
1465,0.5,1.0,0.2,0.6,0.2,1,0.1,10,10,1.1473591086833426
1466,0.5,1.0,0.2,0.6,0.3,1,0.1,10,10,1.2200948981864317
1467,0.5,1.0,0.2,0.6,0.4,1,0.1,10,10,1.2982090859542457
1468,0.5,1.0,0.2,0.8,0.1,1,0.1,10,10,1.0793665042711509
1469,0.5,1.0,0.2,0.8,0.2,1,0.1,10,10,1.1471544884568592
1470,0.5,1.0,0.2,0.8,0.3,1,0.1,10,10,1.2198632426832727
1471,0.5,1.0,0.2,0.8,0.4,1,0.1,10,10,1.2979415118724018
1472,0.5,1.0,0.3,0.2,0.1,1,0.1,10,10,1.056573100297448
1473,0.5,1.0,0.3,0.2,0.2,1,0.1,10,10,1.1231231822807148
1474,0.5,1.0,0.3,0.2,0.3,1,0.1,10,10,1.1945342667694496
1475,0.5,1.0,0.3,0.2,0.4,1,0.1,10,10,1.27125334432687
1476,0.5,1.0,0.3,0.4,0.1,1,0.1,10,10,1.0563051227937854
1477,0.5,1.0,0.3,0.4,0.2,1,0.1,10,10,1.122827145880668
1478,0.5,1.0,0.3,0.4,0.3,1,0.1,10,10,1.194200022486919
1479,0.5,1.0,0.3,0.4,0.4,1,0.1,10,10,1.2708681400665174
1480,0.5,1.0,0.3,0.6,0.1,1,0.1,10,10,1.0560362268445282
1481,0.5,1.0,0.3,0.6,0.2,1,0.1,10,10,1.1225302315513028
1482,0.5,1.0,0.3,0.6,0.3,1,0.1,10,10,1.1938650049766222
1483,0.5,1.0,0.3,0.6,0.4,1,0.1,10,10,1.270482353705489
1484,0.5,1.0,0.3,0.8,0.1,1,0.1,10,10,1.0557664369710515
1485,0.5,1.0,0.3,0.8,0.2,1,0.1,10,10,1.1222324679683302
1486,0.5,1.0,0.3,0.8,0.3,1,0.1,10,10,1.1935292487474374
1487,0.5,1.0,0.3,0.8,0.4,1,0.1,10,10,1.270096027668737
1488,0.5,1.0,0.4,0.2,0.1,1,0.1,10,10,1.03343463721928
1489,0.5,1.0,0.4,0.2,0.2,1,0.1,10,10,1.0986883364726778
1490,0.5,1.0,0.4,0.2,0.3,1,0.1,10,10,1.1687214808358946
1491,0.5,1.0,0.4,0.2,0.4,1,0.1,10,10,1.2439740112535709
1492,0.5,1.0,0.4,0.4,0.1,1,0.1,10,10,1.0330875532155657
1493,0.5,1.0,0.4,0.4,0.2,1,0.1,10,10,1.0983063111768545
1494,0.5,1.0,0.4,0.4,0.3,1,0.1,10,10,1.1682917135194981
1495,0.5,1.0,0.4,0.4,0.4,1,0.1,10,10,1.2434803992381371
1496,0.5,1.0,0.4,0.6,0.1,1,0.1,10,10,1.0327388603537109
1497,0.5,1.0,0.4,0.6,0.2,1,0.1,10,10,1.0979227215258534
1498,0.5,1.0,0.4,0.6,0.3,1,0.1,10,10,1.167860533713307
1499,0.5,1.0,0.4,0.6,0.4,1,0.1,10,10,1.242985669390558
1500,0.5,1.0,0.4,0.8,0.1,1,0.1,10,10,1.0323886154208302
1501,0.5,1.0,0.4,0.8,0.2,1,0.1,10,10,1.0975376333138576
1502,0.5,1.0,0.4,0.8,0.3,1,0.1,10,10,1.1674280199083644
1503,0.5,1.0,0.4,0.8,0.4,1,0.1,10,10,1.2424899177683062
1504,0.5,1.0,0.5,0.2,0.1,1,0.1,10,10,1.0105105483912726
1505,0.5,1.0,0.5,0.2,0.2,1,0.1,10,10,1.0744696946685
1506,0.5,1.0,0.5,0.2,0.3,1,0.1,10,10,1.143126691146087
1507,0.5,1.0,0.5,0.2,0.4,1,0.1,10,10,1.21691380512016
1508,0.5,1.0,0.5,0.4,0.1,1,0.1,10,10,1.010089244096226
1509,0.5,1.0,0.5,0.4,0.2,1,0.1,10,10,1.0740076572245252
1510,0.5,1.0,0.5,0.4,0.3,1,0.1,10,10,1.1426087949816015
1511,0.5,1.0,0.5,0.4,0.4,1,0.1,10,10,1.2163210116734409
1512,0.5,1.0,0.5,0.6,0.1,1,0.1,10,10,1.009665463481098
1513,0.5,1.0,0.5,0.6,0.2,1,0.1,10,10,1.0735431734915126
1514,0.5,1.0,0.5,0.6,0.3,1,0.1,10,10,1.142088635152778
1515,0.5,1.0,0.5,0.6,0.4,1,0.1,10,10,1.2157263474138826
1516,0.5,1.0,0.5,0.8,0.1,1,0.1,10,10,1.0092393148775656
1517,0.5,1.0,0.5,0.8,0.2,1,0.1,10,10,1.0730763676404322
1518,0.5,1.0,0.5,0.8,0.3,1,0.1,10,10,1.1415663589064613
1519,0.5,1.0,0.5,0.8,0.4,1,0.1,10,10,1.2151299914892986
1520,0.5,1.0,0.6,0.2,0.1,1,0.1,10,10,0.9878070909905038
1521,0.5,1.0,0.6,0.2,0.2,1,0.1,10,10,1.05047449933972
1522,0.5,1.0,0.6,0.2,0.3,1,0.1,10,10,1.117757550068992
1523,0.5,1.0,0.6,0.2,0.4,1,0.1,10,10,1.1900810304321496
1524,0.5,1.0,0.6,0.4,0.1,1,0.1,10,10,0.9873163208432576
1525,0.5,1.0,0.6,0.4,0.2,1,0.1,10,10,1.0499382052166877
1526,0.5,1.0,0.6,0.4,0.3,1,0.1,10,10,1.1171585969131863
1527,0.5,1.0,0.6,0.4,0.4,1,0.1,10,10,1.1893978301670256
1528,0.5,1.0,0.6,0.6,0.1,1,0.1,10,10,0.9868220425033012
1529,0.5,1.0,0.6,0.6,0.2,1,0.1,10,10,1.0493983871447221
1530,0.5,1.0,0.6,0.6,0.3,1,0.1,10,10,1.116556307521884
1531,0.5,1.0,0.6,0.6,0.4,1,0.1,10,10,1.1887117653017698
1532,0.5,1.0,0.6,0.8,0.1,1,0.1,10,10,0.9863244384801592
1533,0.5,1.0,0.6,0.8,0.2,1,0.1,10,10,1.0488552525919097
1534,0.5,1.0,0.6,0.8,0.3,1,0.1,10,10,1.115950926244493
1535,0.5,1.0,0.6,0.8,0.4,1,0.1,10,10,1.1880231313562541
1536,0.5,1.0,0.7,0.2,0.1,1,0.1,10,10,0.9653309068332292
1537,0.5,1.0,0.7,0.2,0.2,1,0.1,10,10,1.026709909682914
1538,0.5,1.0,0.7,0.2,0.3,1,0.1,10,10,1.0926217018454163
1539,0.5,1.0,0.7,0.2,0.4,1,0.1,10,10,1.163483950079126
1540,0.5,1.0,0.7,0.4,0.1,1,0.1,10,10,0.9647754555851304
1541,0.5,1.0,0.7,0.4,0.2,1,0.1,10,10,1.0261048957892178
1542,0.5,1.0,0.7,0.4,0.3,1,0.1,10,10,1.0919484446196803
1543,0.5,1.0,0.7,0.4,0.4,1,0.1,10,10,1.1627186740150035
1544,0.5,1.0,0.7,0.6,0.1,1,0.1,10,10,0.9642151327245028
1545,0.5,1.0,0.7,0.6,0.2,1,0.1,10,10,1.0254950847181816
1546,0.5,1.0,0.7,0.6,0.3,1,0.1,10,10,1.0912705493040786
1547,0.5,1.0,0.7,0.6,0.4,1,0.1,10,10,1.161949278277539
1548,0.5,1.0,0.7,0.8,0.1,1,0.1,10,10,0.9636502347933524
1549,0.5,1.0,0.7,0.8,0.2,1,0.1,10,10,1.0248807952420558
1550,0.5,1.0,0.7,0.8,0.3,1,0.1,10,10,1.0905883884802312
1551,0.5,1.0,0.7,0.8,0.4,1,0.1,10,10,1.1611762107505923
1552,0.5,1.0,0.8,0.2,0.1,1,0.1,10,10,0.9430885426264016
1553,0.5,1.0,0.8,0.2,0.2,1,0.1,10,10,1.0031827562749192
1554,0.5,1.0,0.8,0.2,0.3,1,0.1,10,10,1.0677267060265248
1555,0.5,1.0,0.8,0.2,0.4,1,0.1,10,10,1.1371307662361332
1556,0.5,1.0,0.8,0.4,0.1,1,0.1,10,10,0.942472544810766
1557,0.5,1.0,0.8,0.4,0.2,1,0.1,10,10,1.002514344186323
1558,0.5,1.0,0.8,0.4,0.3,1,0.1,10,10,1.0669855839316438
1559,0.5,1.0,0.8,0.4,0.4,1,0.1,10,10,1.136291310625953
1560,0.5,1.0,0.8,0.6,0.1,1,0.1,10,10,0.9418505099426224
1561,0.5,1.0,0.8,0.6,0.2,1,0.1,10,10,1.001839670165951
1562,0.5,1.0,0.8,0.6,0.3,1,0.1,10,10,1.0662382866851559
1563,0.5,1.0,0.8,0.6,0.4,1,0.1,10,10,1.1354462017009237
1564,0.5,1.0,0.8,0.8,0.1,1,0.1,10,10,0.941222849769082
1565,0.5,1.0,0.8,0.8,0.2,1,0.1,10,10,1.0011591945799327
1566,0.5,1.0,0.8,0.8,0.3,1,0.1,10,10,1.0654853482807445
1567,0.5,1.0,0.8,0.8,0.4,1,0.1,10,10,1.1345960774507025
1568,0.5,1.0,0.9,0.2,0.1,1,0.1,10,10,0.9210860150819336
1569,0.5,1.0,0.9,0.2,0.2,1,0.1,10,10,0.9798998508426116
1570,0.5,1.0,0.9,0.2,0.3,1,0.1,10,10,1.0430800198167058
1571,0.5,1.0,0.9,0.2,0.4,1,0.1,10,10,1.1110296009702467
1572,0.5,1.0,0.9,0.4,0.1,1,0.1,10,10,0.9204139776775212
1573,0.5,1.0,0.9,0.4,0.2,1,0.1,10,10,0.979173148306818
1574,0.5,1.0,0.9,0.4,0.3,1,0.1,10,10,1.0422771640173305
1575,0.5,1.0,0.9,0.4,0.4,1,0.1,10,10,1.1101234367989194
1576,0.5,1.0,0.9,0.6,0.1,1,0.1,10,10,0.9197344250312282
1577,0.5,1.0,0.9,0.6,0.2,1,0.1,10,10,0.9784385313716382
1578,0.5,1.0,0.9,0.6,0.3,1,0.1,10,10,1.0414663568898022
1579,0.5,1.0,0.9,0.6,0.4,1,0.1,10,10,1.109209793105044
1580,0.5,1.0,0.9,0.8,0.1,1,0.1,10,10,0.9190479290700924
1581,0.5,1.0,0.9,0.8,0.2,1,0.1,10,10,0.9776966341661756
1582,0.5,1.0,0.9,0.8,0.3,1,0.1,10,10,1.0406483284354846
1583,0.5,1.0,0.9,0.8,0.4,1,0.1,10,10,1.1082895366627452
1584,0.5,1.0,1.0,0.2,0.1,1,0.1,10,10,0.8993293681966692
1585,0.5,1.0,1.0,0.2,0.2,1,0.1,10,10,0.9568678695138004
1586,0.5,1.0,1.0,0.2,0.3,1,0.1,10,10,1.018688980365017
1587,0.5,1.0,1.0,0.2,0.4,1,0.1,10,10,1.085188476637616
1588,0.5,1.0,1.0,0.4,0.1,1,0.1,10,10,0.8986054895036063
1589,0.5,1.0,1.0,0.4,0.2,1,0.1,10,10,0.9560877730530708
1590,0.5,1.0,1.0,0.4,0.3,1,0.1,10,10,1.017830220122965
1591,0.5,1.0,1.0,0.4,0.4,1,0.1,10,10,1.0842226597500202
1592,0.5,1.0,1.0,0.6,0.1,1,0.1,10,10,0.89787248863683
1593,0.5,1.0,1.0,0.6,0.2,1,0.1,10,10,0.9552979268245716
1594,0.5,1.0,1.0,0.6,0.3,1,0.1,10,10,1.0169614914016676
1595,0.5,1.0,1.0,0.6,0.4,1,0.1,10,10,1.0832472339084322
1596,0.5,1.0,1.0,0.8,0.1,1,0.1,10,10,0.8971311307493552
1597,0.5,1.0,1.0,0.8,0.2,1,0.1,10,10,0.954499172316232
1598,0.5,1.0,1.0,0.8,0.3,1,0.1,10,10,1.016083755672777
1599,0.5,1.0,1.0,0.8,0.4,1,0.1,10,10,1.0822633336138037
1600,0.5,1.5,0.1,0.2,0.1,1,0.1,10,10,1.1034664797095628
1601,0.5,1.5,0.1,0.2,0.2,1,0.1,10,10,1.1726131248694858
1602,0.5,1.5,0.1,0.2,0.3,1,0.1,10,10,1.24678246904199
1603,0.5,1.5,0.1,0.2,0.4,1,0.1,10,10,1.3264361256834742
1604,0.5,1.5,0.1,0.4,0.1,1,0.1,10,10,1.103371911757666
1605,0.5,1.5,0.1,0.4,0.2,1,0.1,10,10,1.1725078784731022
1606,0.5,1.5,0.1,0.4,0.3,1,0.1,10,10,1.2466627742036676
1607,0.5,1.5,0.1,0.4,0.4,1,0.1,10,10,1.3262972575934284
1608,0.5,1.5,0.1,0.6,0.1,1,0.1,10,10,1.1032772387776095
1609,0.5,1.5,0.1,0.6,0.2,1,0.1,10,10,1.1724025351466678
1610,0.5,1.5,0.1,0.6,0.3,1,0.1,10,10,1.2465429985710779
1611,0.5,1.5,0.1,0.6,0.4,1,0.1,10,10,1.3261583357950326
1612,0.5,1.5,0.1,0.8,0.1,1,0.1,10,10,1.1031824617197183
1613,0.5,1.5,0.1,0.8,0.2,1,0.1,10,10,1.172297096022776
1614,0.5,1.5,0.1,0.8,0.3,1,0.1,10,10,1.2464231435305502
1615,0.5,1.5,0.1,0.8,0.4,1,0.1,10,10,1.326019439751397
1616,0.5,1.5,0.2,0.2,0.1,1,0.1,10,10,1.0799192891231362
1617,0.5,1.5,0.2,0.2,0.2,1,0.1,10,10,1.1477671994985237
1618,0.5,1.5,0.2,0.2,0.3,1,0.1,10,10,1.2205572292433702
1619,0.5,1.5,0.2,0.2,0.4,1,0.1,10,10,1.2987435241423004
1620,0.5,1.5,0.2,0.4,0.1,1,0.1,10,10,1.0797354391909666
1621,0.5,1.5,0.2,0.4,0.2,1,0.1,10,10,1.1475633486222412
1622,0.5,1.5,0.2,0.4,0.3,1,0.1,10,10,1.220326230593782
1623,0.5,1.5,0.2,0.4,0.4,1,0.1,10,10,1.2984763658586604
1624,0.5,1.5,0.2,0.6,0.1,1,0.1,10,10,1.0795511750955815
1625,0.5,1.5,0.2,0.6,0.2,1,0.1,10,10,1.1473591086833426
1626,0.5,1.5,0.2,0.6,0.3,1,0.1,10,10,1.2200948981864317
1627,0.5,1.5,0.2,0.6,0.4,1,0.1,10,10,1.2982090859542457
1628,0.5,1.5,0.2,0.8,0.1,1,0.1,10,10,1.0793665042711509
1629,0.5,1.5,0.2,0.8,0.2,1,0.1,10,10,1.1471544884568592
1630,0.5,1.5,0.2,0.8,0.3,1,0.1,10,10,1.2198632426832727
1631,0.5,1.5,0.2,0.8,0.4,1,0.1,10,10,1.2979415118724018
1632,0.5,1.5,0.3,0.2,0.1,1,0.1,10,10,1.056573100297448
1633,0.5,1.5,0.3,0.2,0.2,1,0.1,10,10,1.1231231822807148
1634,0.5,1.5,0.3,0.2,0.3,1,0.1,10,10,1.1945342667694496
1635,0.5,1.5,0.3,0.2,0.4,1,0.1,10,10,1.27125334432687
1636,0.5,1.5,0.3,0.4,0.1,1,0.1,10,10,1.0563051227937854
1637,0.5,1.5,0.3,0.4,0.2,1,0.1,10,10,1.122827145880668
1638,0.5,1.5,0.3,0.4,0.3,1,0.1,10,10,1.194200022486919
1639,0.5,1.5,0.3,0.4,0.4,1,0.1,10,10,1.2708681400665174
1640,0.5,1.5,0.3,0.6,0.1,1,0.1,10,10,1.0560362268445282
1641,0.5,1.5,0.3,0.6,0.2,1,0.1,10,10,1.1225302315513028
1642,0.5,1.5,0.3,0.6,0.3,1,0.1,10,10,1.1938650049766222
1643,0.5,1.5,0.3,0.6,0.4,1,0.1,10,10,1.270482353705489
1644,0.5,1.5,0.3,0.8,0.1,1,0.1,10,10,1.0557664369710515
1645,0.5,1.5,0.3,0.8,0.2,1,0.1,10,10,1.1222324679683302
1646,0.5,1.5,0.3,0.8,0.3,1,0.1,10,10,1.1935292487474374
1647,0.5,1.5,0.3,0.8,0.4,1,0.1,10,10,1.270096027668737
1648,0.5,1.5,0.4,0.2,0.1,1,0.1,10,10,1.03343463721928
1649,0.5,1.5,0.4,0.2,0.2,1,0.1,10,10,1.0986883364726778
1650,0.5,1.5,0.4,0.2,0.3,1,0.1,10,10,1.1687214808358946
1651,0.5,1.5,0.4,0.2,0.4,1,0.1,10,10,1.2439740112535709
1652,0.5,1.5,0.4,0.4,0.1,1,0.1,10,10,1.0330875532155657
1653,0.5,1.5,0.4,0.4,0.2,1,0.1,10,10,1.0983063111768545
1654,0.5,1.5,0.4,0.4,0.3,1,0.1,10,10,1.1682917135194981
1655,0.5,1.5,0.4,0.4,0.4,1,0.1,10,10,1.2434803992381371
1656,0.5,1.5,0.4,0.6,0.1,1,0.1,10,10,1.0327388603537109
1657,0.5,1.5,0.4,0.6,0.2,1,0.1,10,10,1.0979227215258534
1658,0.5,1.5,0.4,0.6,0.3,1,0.1,10,10,1.167860533713307
1659,0.5,1.5,0.4,0.6,0.4,1,0.1,10,10,1.242985669390558
1660,0.5,1.5,0.4,0.8,0.1,1,0.1,10,10,1.0323886154208302
1661,0.5,1.5,0.4,0.8,0.2,1,0.1,10,10,1.0975376333138576
1662,0.5,1.5,0.4,0.8,0.3,1,0.1,10,10,1.1674280199083644
1663,0.5,1.5,0.4,0.8,0.4,1,0.1,10,10,1.2424899177683062
1664,0.5,1.5,0.5,0.2,0.1,1,0.1,10,10,1.0105105483912726
1665,0.5,1.5,0.5,0.2,0.2,1,0.1,10,10,1.0744696946685
1666,0.5,1.5,0.5,0.2,0.3,1,0.1,10,10,1.143126691146087
1667,0.5,1.5,0.5,0.2,0.4,1,0.1,10,10,1.21691380512016
1668,0.5,1.5,0.5,0.4,0.1,1,0.1,10,10,1.010089244096226
1669,0.5,1.5,0.5,0.4,0.2,1,0.1,10,10,1.0740076572245252
1670,0.5,1.5,0.5,0.4,0.3,1,0.1,10,10,1.1426087949816015
1671,0.5,1.5,0.5,0.4,0.4,1,0.1,10,10,1.2163210116734409
1672,0.5,1.5,0.5,0.6,0.1,1,0.1,10,10,1.009665463481098
1673,0.5,1.5,0.5,0.6,0.2,1,0.1,10,10,1.0735431734915126
1674,0.5,1.5,0.5,0.6,0.3,1,0.1,10,10,1.142088635152778
1675,0.5,1.5,0.5,0.6,0.4,1,0.1,10,10,1.2157263474138826
1676,0.5,1.5,0.5,0.8,0.1,1,0.1,10,10,1.0092393148775656
1677,0.5,1.5,0.5,0.8,0.2,1,0.1,10,10,1.0730763676404322
1678,0.5,1.5,0.5,0.8,0.3,1,0.1,10,10,1.1415663589064613
1679,0.5,1.5,0.5,0.8,0.4,1,0.1,10,10,1.2151299914892986
1680,0.5,1.5,0.6,0.2,0.1,1,0.1,10,10,0.9878070909905038
1681,0.5,1.5,0.6,0.2,0.2,1,0.1,10,10,1.05047449933972
1682,0.5,1.5,0.6,0.2,0.3,1,0.1,10,10,1.117757550068992
1683,0.5,1.5,0.6,0.2,0.4,1,0.1,10,10,1.1900810304321496
1684,0.5,1.5,0.6,0.4,0.1,1,0.1,10,10,0.9873163208432576
1685,0.5,1.5,0.6,0.4,0.2,1,0.1,10,10,1.0499382052166877
1686,0.5,1.5,0.6,0.4,0.3,1,0.1,10,10,1.1171585969131863
1687,0.5,1.5,0.6,0.4,0.4,1,0.1,10,10,1.1893978301670256
1688,0.5,1.5,0.6,0.6,0.1,1,0.1,10,10,0.9868220425033012
1689,0.5,1.5,0.6,0.6,0.2,1,0.1,10,10,1.0493983871447221
1690,0.5,1.5,0.6,0.6,0.3,1,0.1,10,10,1.116556307521884
1691,0.5,1.5,0.6,0.6,0.4,1,0.1,10,10,1.1887117653017698
1692,0.5,1.5,0.6,0.8,0.1,1,0.1,10,10,0.9863244384801592
1693,0.5,1.5,0.6,0.8,0.2,1,0.1,10,10,1.0488552525919097
1694,0.5,1.5,0.6,0.8,0.3,1,0.1,10,10,1.115950926244493
1695,0.5,1.5,0.6,0.8,0.4,1,0.1,10,10,1.1880231313562541
1696,0.5,1.5,0.7,0.2,0.1,1,0.1,10,10,0.9653309068332292
1697,0.5,1.5,0.7,0.2,0.2,1,0.1,10,10,1.026709909682914
1698,0.5,1.5,0.7,0.2,0.3,1,0.1,10,10,1.0926217018454163
1699,0.5,1.5,0.7,0.2,0.4,1,0.1,10,10,1.163483950079126
1700,0.5,1.5,0.7,0.4,0.1,1,0.1,10,10,0.9647754555851304
1701,0.5,1.5,0.7,0.4,0.2,1,0.1,10,10,1.0261048957892178
1702,0.5,1.5,0.7,0.4,0.3,1,0.1,10,10,1.0919484446196803
1703,0.5,1.5,0.7,0.4,0.4,1,0.1,10,10,1.1627186740150035
1704,0.5,1.5,0.7,0.6,0.1,1,0.1,10,10,0.9642151327245028
1705,0.5,1.5,0.7,0.6,0.2,1,0.1,10,10,1.0254950847181816
1706,0.5,1.5,0.7,0.6,0.3,1,0.1,10,10,1.0912705493040786
1707,0.5,1.5,0.7,0.6,0.4,1,0.1,10,10,1.161949278277539
1708,0.5,1.5,0.7,0.8,0.1,1,0.1,10,10,0.9636502347933524
1709,0.5,1.5,0.7,0.8,0.2,1,0.1,10,10,1.0248807952420558
1710,0.5,1.5,0.7,0.8,0.3,1,0.1,10,10,1.0905883884802312
1711,0.5,1.5,0.7,0.8,0.4,1,0.1,10,10,1.1611762107505923
1712,0.5,1.5,0.8,0.2,0.1,1,0.1,10,10,0.9430885426264016
1713,0.5,1.5,0.8,0.2,0.2,1,0.1,10,10,1.0031827562749192
1714,0.5,1.5,0.8,0.2,0.3,1,0.1,10,10,1.0677267060265248
1715,0.5,1.5,0.8,0.2,0.4,1,0.1,10,10,1.1371307662361332
1716,0.5,1.5,0.8,0.4,0.1,1,0.1,10,10,0.942472544810766
1717,0.5,1.5,0.8,0.4,0.2,1,0.1,10,10,1.002514344186323
1718,0.5,1.5,0.8,0.4,0.3,1,0.1,10,10,1.0669855839316438
1719,0.5,1.5,0.8,0.4,0.4,1,0.1,10,10,1.136291310625953
1720,0.5,1.5,0.8,0.6,0.1,1,0.1,10,10,0.9418505099426224
1721,0.5,1.5,0.8,0.6,0.2,1,0.1,10,10,1.001839670165951
1722,0.5,1.5,0.8,0.6,0.3,1,0.1,10,10,1.0662382866851559
1723,0.5,1.5,0.8,0.6,0.4,1,0.1,10,10,1.1354462017009237
1724,0.5,1.5,0.8,0.8,0.1,1,0.1,10,10,0.941222849769082
1725,0.5,1.5,0.8,0.8,0.2,1,0.1,10,10,1.0011591945799327
1726,0.5,1.5,0.8,0.8,0.3,1,0.1,10,10,1.0654853482807445
1727,0.5,1.5,0.8,0.8,0.4,1,0.1,10,10,1.1345960774507025
1728,0.5,1.5,0.9,0.2,0.1,1,0.1,10,10,0.9210860150819336
1729,0.5,1.5,0.9,0.2,0.2,1,0.1,10,10,0.9798998508426116
1730,0.5,1.5,0.9,0.2,0.3,1,0.1,10,10,1.0430800198167058
1731,0.5,1.5,0.9,0.2,0.4,1,0.1,10,10,1.1110296009702467
1732,0.5,1.5,0.9,0.4,0.1,1,0.1,10,10,0.9204139776775212
1733,0.5,1.5,0.9,0.4,0.2,1,0.1,10,10,0.979173148306818
1734,0.5,1.5,0.9,0.4,0.3,1,0.1,10,10,1.0422771640173305
1735,0.5,1.5,0.9,0.4,0.4,1,0.1,10,10,1.1101234367989194
1736,0.5,1.5,0.9,0.6,0.1,1,0.1,10,10,0.9197344250312282
1737,0.5,1.5,0.9,0.6,0.2,1,0.1,10,10,0.9784385313716382
1738,0.5,1.5,0.9,0.6,0.3,1,0.1,10,10,1.0414663568898022
1739,0.5,1.5,0.9,0.6,0.4,1,0.1,10,10,1.109209793105044
1740,0.5,1.5,0.9,0.8,0.1,1,0.1,10,10,0.9190479290700924
1741,0.5,1.5,0.9,0.8,0.2,1,0.1,10,10,0.9776966341661756
1742,0.5,1.5,0.9,0.8,0.3,1,0.1,10,10,1.0406483284354846
1743,0.5,1.5,0.9,0.8,0.4,1,0.1,10,10,1.1082895366627452
1744,0.5,1.5,1.0,0.2,0.1,1,0.1,10,10,0.8993293681966692
1745,0.5,1.5,1.0,0.2,0.2,1,0.1,10,10,0.9568678695138004
1746,0.5,1.5,1.0,0.2,0.3,1,0.1,10,10,1.018688980365017
1747,0.5,1.5,1.0,0.2,0.4,1,0.1,10,10,1.085188476637616
1748,0.5,1.5,1.0,0.4,0.1,1,0.1,10,10,0.8986054895036063
1749,0.5,1.5,1.0,0.4,0.2,1,0.1,10,10,0.9560877730530708
1750,0.5,1.5,1.0,0.4,0.3,1,0.1,10,10,1.017830220122965
1751,0.5,1.5,1.0,0.4,0.4,1,0.1,10,10,1.0842226597500202
1752,0.5,1.5,1.0,0.6,0.1,1,0.1,10,10,0.89787248863683
1753,0.5,1.5,1.0,0.6,0.2,1,0.1,10,10,0.9552979268245716
1754,0.5,1.5,1.0,0.6,0.3,1,0.1,10,10,1.0169614914016676
1755,0.5,1.5,1.0,0.6,0.4,1,0.1,10,10,1.0832472339084322
1756,0.5,1.5,1.0,0.8,0.1,1,0.1,10,10,0.8971311307493552
1757,0.5,1.5,1.0,0.8,0.2,1,0.1,10,10,0.954499172316232
1758,0.5,1.5,1.0,0.8,0.3,1,0.1,10,10,1.016083755672777
1759,0.5,1.5,1.0,0.8,0.4,1,0.1,10,10,1.0822633336138037
1760,0.5,2.0,0.1,0.2,0.1,1,0.1,10,10,1.1034664797095628
1761,0.5,2.0,0.1,0.2,0.2,1,0.1,10,10,1.1726131248694858
1762,0.5,2.0,0.1,0.2,0.3,1,0.1,10,10,1.24678246904199
1763,0.5,2.0,0.1,0.2,0.4,1,0.1,10,10,1.3264361256834745
1764,0.5,2.0,0.1,0.4,0.1,1,0.1,10,10,1.1033719117576657
1765,0.5,2.0,0.1,0.4,0.2,1,0.1,10,10,1.1725078784731022
1766,0.5,2.0,0.1,0.4,0.3,1,0.1,10,10,1.2466627742036676
1767,0.5,2.0,0.1,0.4,0.4,1,0.1,10,10,1.3262972575934282
1768,0.5,2.0,0.1,0.6,0.1,1,0.1,10,10,1.1032772387776095
1769,0.5,2.0,0.1,0.6,0.2,1,0.1,10,10,1.1724025351466678
1770,0.5,2.0,0.1,0.6,0.3,1,0.1,10,10,1.2465429985710779
1771,0.5,2.0,0.1,0.6,0.4,1,0.1,10,10,1.3261583357950326
1772,0.5,2.0,0.1,0.8,0.1,1,0.1,10,10,1.1031824617197183
1773,0.5,2.0,0.1,0.8,0.2,1,0.1,10,10,1.172297096022776
1774,0.5,2.0,0.1,0.8,0.3,1,0.1,10,10,1.2464231435305502
1775,0.5,2.0,0.1,0.8,0.4,1,0.1,10,10,1.326019439751397
1776,0.5,2.0,0.2,0.2,0.1,1,0.1,10,10,1.0799192891231362
1777,0.5,2.0,0.2,0.2,0.2,1,0.1,10,10,1.1477671994985237
1778,0.5,2.0,0.2,0.2,0.3,1,0.1,10,10,1.2205572292433702
1779,0.5,2.0,0.2,0.2,0.4,1,0.1,10,10,1.2987435241423009
1780,0.5,2.0,0.2,0.4,0.1,1,0.1,10,10,1.0797354391909666
1781,0.5,2.0,0.2,0.4,0.2,1,0.1,10,10,1.1475633486222412
1782,0.5,2.0,0.2,0.4,0.3,1,0.1,10,10,1.220326230593782
1783,0.5,2.0,0.2,0.4,0.4,1,0.1,10,10,1.29847636585866
1784,0.5,2.0,0.2,0.6,0.1,1,0.1,10,10,1.0795511750955815
1785,0.5,2.0,0.2,0.6,0.2,1,0.1,10,10,1.1473591086833428
1786,0.5,2.0,0.2,0.6,0.3,1,0.1,10,10,1.2200948981864321
1787,0.5,2.0,0.2,0.6,0.4,1,0.1,10,10,1.2982090859542457
1788,0.5,2.0,0.2,0.8,0.1,1,0.1,10,10,1.0793665042711509
1789,0.5,2.0,0.2,0.8,0.2,1,0.1,10,10,1.1471544884568594
1790,0.5,2.0,0.2,0.8,0.3,1,0.1,10,10,1.2198632426832727
1791,0.5,2.0,0.2,0.8,0.4,1,0.1,10,10,1.297941511872402
1792,0.5,2.0,0.3,0.2,0.1,1,0.1,10,10,1.056573100297448
1793,0.5,2.0,0.3,0.2,0.2,1,0.1,10,10,1.1231231822807148
1794,0.5,2.0,0.3,0.2,0.3,1,0.1,10,10,1.1945342667694496
1795,0.5,2.0,0.3,0.2,0.4,1,0.1,10,10,1.27125334432687
1796,0.5,2.0,0.3,0.4,0.1,1,0.1,10,10,1.0563051227937854
1797,0.5,2.0,0.3,0.4,0.2,1,0.1,10,10,1.122827145880668
1798,0.5,2.0,0.3,0.4,0.3,1,0.1,10,10,1.194200022486919
1799,0.5,2.0,0.3,0.4,0.4,1,0.1,10,10,1.2708681400665174
1800,0.5,2.0,0.3,0.6,0.1,1,0.1,10,10,1.0560362268445282
1801,0.5,2.0,0.3,0.6,0.2,1,0.1,10,10,1.1225302315513028
1802,0.5,2.0,0.3,0.6,0.3,1,0.1,10,10,1.1938650049766222
1803,0.5,2.0,0.3,0.6,0.4,1,0.1,10,10,1.270482353705489
1804,0.5,2.0,0.3,0.8,0.1,1,0.1,10,10,1.0557664369710515
1805,0.5,2.0,0.3,0.8,0.2,1,0.1,10,10,1.1222324679683302
1806,0.5,2.0,0.3,0.8,0.3,1,0.1,10,10,1.1935292487474374
1807,0.5,2.0,0.3,0.8,0.4,1,0.1,10,10,1.270096027668737
1808,0.5,2.0,0.4,0.2,0.1,1,0.1,10,10,1.03343463721928
1809,0.5,2.0,0.4,0.2,0.2,1,0.1,10,10,1.0986883364726778
1810,0.5,2.0,0.4,0.2,0.3,1,0.1,10,10,1.1687214808358946
1811,0.5,2.0,0.4,0.2,0.4,1,0.1,10,10,1.2439740112535709
1812,0.5,2.0,0.4,0.4,0.1,1,0.1,10,10,1.0330875532155657
1813,0.5,2.0,0.4,0.4,0.2,1,0.1,10,10,1.0983063111768545
1814,0.5,2.0,0.4,0.4,0.3,1,0.1,10,10,1.1682917135194981
1815,0.5,2.0,0.4,0.4,0.4,1,0.1,10,10,1.2434803992381371
1816,0.5,2.0,0.4,0.6,0.1,1,0.1,10,10,1.0327388603537109
1817,0.5,2.0,0.4,0.6,0.2,1,0.1,10,10,1.0979227215258534
1818,0.5,2.0,0.4,0.6,0.3,1,0.1,10,10,1.167860533713307
1819,0.5,2.0,0.4,0.6,0.4,1,0.1,10,10,1.242985669390558
1820,0.5,2.0,0.4,0.8,0.1,1,0.1,10,10,1.0323886154208302
1821,0.5,2.0,0.4,0.8,0.2,1,0.1,10,10,1.0975376333138576
1822,0.5,2.0,0.4,0.8,0.3,1,0.1,10,10,1.1674280199083644
1823,0.5,2.0,0.4,0.8,0.4,1,0.1,10,10,1.2424899177683062
1824,0.5,2.0,0.5,0.2,0.1,1,0.1,10,10,1.0105105483912726
1825,0.5,2.0,0.5,0.2,0.2,1,0.1,10,10,1.0744696946685
1826,0.5,2.0,0.5,0.2,0.3,1,0.1,10,10,1.143126691146087
1827,0.5,2.0,0.5,0.2,0.4,1,0.1,10,10,1.21691380512016
1828,0.5,2.0,0.5,0.4,0.1,1,0.1,10,10,1.010089244096226
1829,0.5,2.0,0.5,0.4,0.2,1,0.1,10,10,1.0740076572245252
1830,0.5,2.0,0.5,0.4,0.3,1,0.1,10,10,1.1426087949816015
1831,0.5,2.0,0.5,0.4,0.4,1,0.1,10,10,1.2163210116734409
1832,0.5,2.0,0.5,0.6,0.1,1,0.1,10,10,1.009665463481098
1833,0.5,2.0,0.5,0.6,0.2,1,0.1,10,10,1.0735431734915126
1834,0.5,2.0,0.5,0.6,0.3,1,0.1,10,10,1.142088635152778
1835,0.5,2.0,0.5,0.6,0.4,1,0.1,10,10,1.2157263474138826
1836,0.5,2.0,0.5,0.8,0.1,1,0.1,10,10,1.0092393148775656
1837,0.5,2.0,0.5,0.8,0.2,1,0.1,10,10,1.0730763676404322
1838,0.5,2.0,0.5,0.8,0.3,1,0.1,10,10,1.1415663589064613
1839,0.5,2.0,0.5,0.8,0.4,1,0.1,10,10,1.2151299914892986
1840,0.5,2.0,0.6,0.2,0.1,1,0.1,10,10,0.9878070909905038
1841,0.5,2.0,0.6,0.2,0.2,1,0.1,10,10,1.05047449933972
1842,0.5,2.0,0.6,0.2,0.3,1,0.1,10,10,1.117757550068992
1843,0.5,2.0,0.6,0.2,0.4,1,0.1,10,10,1.1900810304321496
1844,0.5,2.0,0.6,0.4,0.1,1,0.1,10,10,0.9873163208432576
1845,0.5,2.0,0.6,0.4,0.2,1,0.1,10,10,1.0499382052166877
1846,0.5,2.0,0.6,0.4,0.3,1,0.1,10,10,1.1171585969131863
1847,0.5,2.0,0.6,0.4,0.4,1,0.1,10,10,1.1893978301670256
1848,0.5,2.0,0.6,0.6,0.1,1,0.1,10,10,0.9868220425033012
1849,0.5,2.0,0.6,0.6,0.2,1,0.1,10,10,1.0493983871447221
1850,0.5,2.0,0.6,0.6,0.3,1,0.1,10,10,1.116556307521884
1851,0.5,2.0,0.6,0.6,0.4,1,0.1,10,10,1.1887117653017698
1852,0.5,2.0,0.6,0.8,0.1,1,0.1,10,10,0.9863244384801592
1853,0.5,2.0,0.6,0.8,0.2,1,0.1,10,10,1.0488552525919097
1854,0.5,2.0,0.6,0.8,0.3,1,0.1,10,10,1.115950926244493
1855,0.5,2.0,0.6,0.8,0.4,1,0.1,10,10,1.1880231313562541
1856,0.5,2.0,0.7,0.2,0.1,1,0.1,10,10,0.9653309068332292
1857,0.5,2.0,0.7,0.2,0.2,1,0.1,10,10,1.026709909682914
1858,0.5,2.0,0.7,0.2,0.3,1,0.1,10,10,1.0926217018454163
1859,0.5,2.0,0.7,0.2,0.4,1,0.1,10,10,1.163483950079126
1860,0.5,2.0,0.7,0.4,0.1,1,0.1,10,10,0.9647754555851304
1861,0.5,2.0,0.7,0.4,0.2,1,0.1,10,10,1.0261048957892178
1862,0.5,2.0,0.7,0.4,0.3,1,0.1,10,10,1.0919484446196803
1863,0.5,2.0,0.7,0.4,0.4,1,0.1,10,10,1.1627186740150035
1864,0.5,2.0,0.7,0.6,0.1,1,0.1,10,10,0.9642151327245028
1865,0.5,2.0,0.7,0.6,0.2,1,0.1,10,10,1.0254950847181816
1866,0.5,2.0,0.7,0.6,0.3,1,0.1,10,10,1.0912705493040786
1867,0.5,2.0,0.7,0.6,0.4,1,0.1,10,10,1.161949278277539
1868,0.5,2.0,0.7,0.8,0.1,1,0.1,10,10,0.9636502347933524
1869,0.5,2.0,0.7,0.8,0.2,1,0.1,10,10,1.0248807952420558
1870,0.5,2.0,0.7,0.8,0.3,1,0.1,10,10,1.0905883884802312
1871,0.5,2.0,0.7,0.8,0.4,1,0.1,10,10,1.1611762107505923
1872,0.5,2.0,0.8,0.2,0.1,1,0.1,10,10,0.9430885426264016
1873,0.5,2.0,0.8,0.2,0.2,1,0.1,10,10,1.0031827562749192
1874,0.5,2.0,0.8,0.2,0.3,1,0.1,10,10,1.0677267060265248
1875,0.5,2.0,0.8,0.2,0.4,1,0.1,10,10,1.1371307662361332
1876,0.5,2.0,0.8,0.4,0.1,1,0.1,10,10,0.942472544810766
1877,0.5,2.0,0.8,0.4,0.2,1,0.1,10,10,1.002514344186323
1878,0.5,2.0,0.8,0.4,0.3,1,0.1,10,10,1.0669855839316438
1879,0.5,2.0,0.8,0.4,0.4,1,0.1,10,10,1.136291310625953
1880,0.5,2.0,0.8,0.6,0.1,1,0.1,10,10,0.9418505099426224
1881,0.5,2.0,0.8,0.6,0.2,1,0.1,10,10,1.001839670165951
1882,0.5,2.0,0.8,0.6,0.3,1,0.1,10,10,1.0662382866851559
1883,0.5,2.0,0.8,0.6,0.4,1,0.1,10,10,1.1354462017009237
1884,0.5,2.0,0.8,0.8,0.1,1,0.1,10,10,0.941222849769082
1885,0.5,2.0,0.8,0.8,0.2,1,0.1,10,10,1.0011591945799327
1886,0.5,2.0,0.8,0.8,0.3,1,0.1,10,10,1.0654853482807445
1887,0.5,2.0,0.8,0.8,0.4,1,0.1,10,10,1.1345960774507025
1888,0.5,2.0,0.9,0.2,0.1,1,0.1,10,10,0.9210860150819336
1889,0.5,2.0,0.9,0.2,0.2,1,0.1,10,10,0.9798998508426116
1890,0.5,2.0,0.9,0.2,0.3,1,0.1,10,10,1.0430800198167058
1891,0.5,2.0,0.9,0.2,0.4,1,0.1,10,10,1.1110296009702467
1892,0.5,2.0,0.9,0.4,0.1,1,0.1,10,10,0.9204139776775212
1893,0.5,2.0,0.9,0.4,0.2,1,0.1,10,10,0.979173148306818
1894,0.5,2.0,0.9,0.4,0.3,1,0.1,10,10,1.0422771640173305
1895,0.5,2.0,0.9,0.4,0.4,1,0.1,10,10,1.1101234367989194
1896,0.5,2.0,0.9,0.6,0.1,1,0.1,10,10,0.9197344250312282
1897,0.5,2.0,0.9,0.6,0.2,1,0.1,10,10,0.9784385313716382
1898,0.5,2.0,0.9,0.6,0.3,1,0.1,10,10,1.0414663568898022
1899,0.5,2.0,0.9,0.6,0.4,1,0.1,10,10,1.109209793105044
1900,0.5,2.0,0.9,0.8,0.1,1,0.1,10,10,0.9190479290700924
1901,0.5,2.0,0.9,0.8,0.2,1,0.1,10,10,0.9776966341661756
1902,0.5,2.0,0.9,0.8,0.3,1,0.1,10,10,1.0406483284354846
1903,0.5,2.0,0.9,0.8,0.4,1,0.1,10,10,1.1082895366627452
1904,0.5,2.0,1.0,0.2,0.1,1,0.1,10,10,0.8993293681966692
1905,0.5,2.0,1.0,0.2,0.2,1,0.1,10,10,0.9568678695138004
1906,0.5,2.0,1.0,0.2,0.3,1,0.1,10,10,1.018688980365017
1907,0.5,2.0,1.0,0.2,0.4,1,0.1,10,10,1.085188476637616
1908,0.5,2.0,1.0,0.4,0.1,1,0.1,10,10,0.8986054895036063
1909,0.5,2.0,1.0,0.4,0.2,1,0.1,10,10,0.9560877730530708
1910,0.5,2.0,1.0,0.4,0.3,1,0.1,10,10,1.017830220122965
1911,0.5,2.0,1.0,0.4,0.4,1,0.1,10,10,1.0842226597500202
1912,0.5,2.0,1.0,0.6,0.1,1,0.1,10,10,0.89787248863683
1913,0.5,2.0,1.0,0.6,0.2,1,0.1,10,10,0.9552979268245716
1914,0.5,2.0,1.0,0.6,0.3,1,0.1,10,10,1.0169614914016676
1915,0.5,2.0,1.0,0.6,0.4,1,0.1,10,10,1.0832472339084322
1916,0.5,2.0,1.0,0.8,0.1,1,0.1,10,10,0.8971311307493552
1917,0.5,2.0,1.0,0.8,0.2,1,0.1,10,10,0.954499172316232
1918,0.5,2.0,1.0,0.8,0.3,1,0.1,10,10,1.016083755672777
1919,0.5,2.0,1.0,0.8,0.4,1,0.1,10,10,1.0822633336138037
1920,0.5,2.5,0.1,0.2,0.1,1,0.1,10,10,1.1034664797095628
1921,0.5,2.5,0.1,0.2,0.2,1,0.1,10,10,1.1726131248694858
1922,0.5,2.5,0.1,0.2,0.3,1,0.1,10,10,1.24678246904199
1923,0.5,2.5,0.1,0.2,0.4,1,0.1,10,10,1.3264361256834745
1924,0.5,2.5,0.1,0.4,0.1,1,0.1,10,10,1.1033719117576657
1925,0.5,2.5,0.1,0.4,0.2,1,0.1,10,10,1.1725078784731022
1926,0.5,2.5,0.1,0.4,0.3,1,0.1,10,10,1.2466627742036676
1927,0.5,2.5,0.1,0.4,0.4,1,0.1,10,10,1.3262972575934282
1928,0.5,2.5,0.1,0.6,0.1,1,0.1,10,10,1.1032772387776095
1929,0.5,2.5,0.1,0.6,0.2,1,0.1,10,10,1.1724025351466678
1930,0.5,2.5,0.1,0.6,0.3,1,0.1,10,10,1.2465429985710779
1931,0.5,2.5,0.1,0.6,0.4,1,0.1,10,10,1.3261583357950326
1932,0.5,2.5,0.1,0.8,0.1,1,0.1,10,10,1.1031824617197183
1933,0.5,2.5,0.1,0.8,0.2,1,0.1,10,10,1.172297096022776
1934,0.5,2.5,0.1,0.8,0.3,1,0.1,10,10,1.2464231435305502
1935,0.5,2.5,0.1,0.8,0.4,1,0.1,10,10,1.326019439751397
1936,0.5,2.5,0.2,0.2,0.1,1,0.1,10,10,1.0799192891231362
1937,0.5,2.5,0.2,0.2,0.2,1,0.1,10,10,1.1477671994985237
1938,0.5,2.5,0.2,0.2,0.3,1,0.1,10,10,1.2205572292433702
1939,0.5,2.5,0.2,0.2,0.4,1,0.1,10,10,1.2987435241423009
1940,0.5,2.5,0.2,0.4,0.1,1,0.1,10,10,1.0797354391909666
1941,0.5,2.5,0.2,0.4,0.2,1,0.1,10,10,1.1475633486222412
1942,0.5,2.5,0.2,0.4,0.3,1,0.1,10,10,1.220326230593782
1943,0.5,2.5,0.2,0.4,0.4,1,0.1,10,10,1.29847636585866
1944,0.5,2.5,0.2,0.6,0.1,1,0.1,10,10,1.0795511750955815
1945,0.5,2.5,0.2,0.6,0.2,1,0.1,10,10,1.1473591086833428
1946,0.5,2.5,0.2,0.6,0.3,1,0.1,10,10,1.2200948981864321
1947,0.5,2.5,0.2,0.6,0.4,1,0.1,10,10,1.2982090859542457
1948,0.5,2.5,0.2,0.8,0.1,1,0.1,10,10,1.0793665042711509
1949,0.5,2.5,0.2,0.8,0.2,1,0.1,10,10,1.1471544884568594
1950,0.5,2.5,0.2,0.8,0.3,1,0.1,10,10,1.2198632426832727
1951,0.5,2.5,0.2,0.8,0.4,1,0.1,10,10,1.297941511872402
1952,0.5,2.5,0.3,0.2,0.1,1,0.1,10,10,1.056573100297448
1953,0.5,2.5,0.3,0.2,0.2,1,0.1,10,10,1.1231231822807144
1954,0.5,2.5,0.3,0.2,0.3,1,0.1,10,10,1.1945342667694496
1955,0.5,2.5,0.3,0.2,0.4,1,0.1,10,10,1.27125334432687
1956,0.5,2.5,0.3,0.4,0.1,1,0.1,10,10,1.0563051227937854
1957,0.5,2.5,0.3,0.4,0.2,1,0.1,10,10,1.122827145880668
1958,0.5,2.5,0.3,0.4,0.3,1,0.1,10,10,1.194200022486919
1959,0.5,2.5,0.3,0.4,0.4,1,0.1,10,10,1.2708681400665176
1960,0.5,2.5,0.3,0.6,0.1,1,0.1,10,10,1.0560362268445282
1961,0.5,2.5,0.3,0.6,0.2,1,0.1,10,10,1.1225302315513028
1962,0.5,2.5,0.3,0.6,0.3,1,0.1,10,10,1.1938650049766215
1963,0.5,2.5,0.3,0.6,0.4,1,0.1,10,10,1.270482353705489
1964,0.5,2.5,0.3,0.8,0.1,1,0.1,10,10,1.0557664369710515
1965,0.5,2.5,0.3,0.8,0.2,1,0.1,10,10,1.1222324679683302
1966,0.5,2.5,0.3,0.8,0.3,1,0.1,10,10,1.1935292487474374
1967,0.5,2.5,0.3,0.8,0.4,1,0.1,10,10,1.270096027668737
1968,0.5,2.5,0.4,0.2,0.1,1,0.1,10,10,1.03343463721928
1969,0.5,2.5,0.4,0.2,0.2,1,0.1,10,10,1.0986883364726778
1970,0.5,2.5,0.4,0.2,0.3,1,0.1,10,10,1.1687214808358946
1971,0.5,2.5,0.4,0.2,0.4,1,0.1,10,10,1.2439740112535709
1972,0.5,2.5,0.4,0.4,0.1,1,0.1,10,10,1.0330875532155657
1973,0.5,2.5,0.4,0.4,0.2,1,0.1,10,10,1.0983063111768545
1974,0.5,2.5,0.4,0.4,0.3,1,0.1,10,10,1.1682917135194981
1975,0.5,2.5,0.4,0.4,0.4,1,0.1,10,10,1.243480399238137
1976,0.5,2.5,0.4,0.6,0.1,1,0.1,10,10,1.0327388603537109
1977,0.5,2.5,0.4,0.6,0.2,1,0.1,10,10,1.0979227215258534
1978,0.5,2.5,0.4,0.6,0.3,1,0.1,10,10,1.1678605337133072
1979,0.5,2.5,0.4,0.6,0.4,1,0.1,10,10,1.242985669390558
1980,0.5,2.5,0.4,0.8,0.1,1,0.1,10,10,1.0323886154208302
1981,0.5,2.5,0.4,0.8,0.2,1,0.1,10,10,1.0975376333138571
1982,0.5,2.5,0.4,0.8,0.3,1,0.1,10,10,1.1674280199083644
1983,0.5,2.5,0.4,0.8,0.4,1,0.1,10,10,1.2424899177683062
1984,0.5,2.5,0.5,0.2,0.1,1,0.1,10,10,1.0105105483912726
1985,0.5,2.5,0.5,0.2,0.2,1,0.1,10,10,1.0744696946684995
1986,0.5,2.5,0.5,0.2,0.3,1,0.1,10,10,1.143126691146087
1987,0.5,2.5,0.5,0.2,0.4,1,0.1,10,10,1.21691380512016
1988,0.5,2.5,0.5,0.4,0.1,1,0.1,10,10,1.010089244096226
1989,0.5,2.5,0.5,0.4,0.2,1,0.1,10,10,1.0740076572245252
1990,0.5,2.5,0.5,0.4,0.3,1,0.1,10,10,1.1426087949816015
1991,0.5,2.5,0.5,0.4,0.4,1,0.1,10,10,1.2163210116734409
1992,0.5,2.5,0.5,0.6,0.1,1,0.1,10,10,1.009665463481098
1993,0.5,2.5,0.5,0.6,0.2,1,0.1,10,10,1.0735431734915126
1994,0.5,2.5,0.5,0.6,0.3,1,0.1,10,10,1.1420886351527784
1995,0.5,2.5,0.5,0.6,0.4,1,0.1,10,10,1.2157263474138826
1996,0.5,2.5,0.5,0.8,0.1,1,0.1,10,10,1.0092393148775656
1997,0.5,2.5,0.5,0.8,0.2,1,0.1,10,10,1.0730763676404322
1998,0.5,2.5,0.5,0.8,0.3,1,0.1,10,10,1.1415663589064613
1999,0.5,2.5,0.5,0.8,0.4,1,0.1,10,10,1.2151299914892986
2000,0.5,2.5,0.6,0.2,0.1,1,0.1,10,10,0.987807090990504
2001,0.5,2.5,0.6,0.2,0.2,1,0.1,10,10,1.0504744993397197
2002,0.5,2.5,0.6,0.2,0.3,1,0.1,10,10,1.1177575500689918
2003,0.5,2.5,0.6,0.2,0.4,1,0.1,10,10,1.19008103043215
2004,0.5,2.5,0.6,0.4,0.1,1,0.1,10,10,0.9873163208432576
2005,0.5,2.5,0.6,0.4,0.2,1,0.1,10,10,1.0499382052166877
2006,0.5,2.5,0.6,0.4,0.3,1,0.1,10,10,1.1171585969131863
2007,0.5,2.5,0.6,0.4,0.4,1,0.1,10,10,1.1893978301670258
2008,0.5,2.5,0.6,0.6,0.1,1,0.1,10,10,0.9868220425033012
2009,0.5,2.5,0.6,0.6,0.2,1,0.1,10,10,1.049398387144722
2010,0.5,2.5,0.6,0.6,0.3,1,0.1,10,10,1.116556307521884
2011,0.5,2.5,0.6,0.6,0.4,1,0.1,10,10,1.1887117653017696
2012,0.5,2.5,0.6,0.8,0.1,1,0.1,10,10,0.9863244384801592
2013,0.5,2.5,0.6,0.8,0.2,1,0.1,10,10,1.0488552525919106
2014,0.5,2.5,0.6,0.8,0.3,1,0.1,10,10,1.115950926244493
2015,0.5,2.5,0.6,0.8,0.4,1,0.1,10,10,1.1880231313562541
2016,0.5,2.5,0.7,0.2,0.1,1,0.1,10,10,0.9653309068332292
2017,0.5,2.5,0.7,0.2,0.2,1,0.1,10,10,1.026709909682914
2018,0.5,2.5,0.7,0.2,0.3,1,0.1,10,10,1.0926217018454163
2019,0.5,2.5,0.7,0.2,0.4,1,0.1,10,10,1.1634839500791259
2020,0.5,2.5,0.7,0.4,0.1,1,0.1,10,10,0.9647754555851304
2021,0.5,2.5,0.7,0.4,0.2,1,0.1,10,10,1.0261048957892178
2022,0.5,2.5,0.7,0.4,0.3,1,0.1,10,10,1.0919484446196808
2023,0.5,2.5,0.7,0.4,0.4,1,0.1,10,10,1.1627186740150035
2024,0.5,2.5,0.7,0.6,0.1,1,0.1,10,10,0.9642151327245028
2025,0.5,2.5,0.7,0.6,0.2,1,0.1,10,10,1.0254950847181816
2026,0.5,2.5,0.7,0.6,0.3,1,0.1,10,10,1.0912705493040782
2027,0.5,2.5,0.7,0.6,0.4,1,0.1,10,10,1.1619492782775382
2028,0.5,2.5,0.7,0.8,0.1,1,0.1,10,10,0.9636502347933524
2029,0.5,2.5,0.7,0.8,0.2,1,0.1,10,10,1.0248807952420558
2030,0.5,2.5,0.7,0.8,0.3,1,0.1,10,10,1.0905883884802303
2031,0.5,2.5,0.7,0.8,0.4,1,0.1,10,10,1.1611762107505923
2032,0.5,2.5,0.8,0.2,0.1,1,0.1,10,10,0.9430885426264016
2033,0.5,2.5,0.8,0.2,0.2,1,0.1,10,10,1.0031827562749192
2034,0.5,2.5,0.8,0.2,0.3,1,0.1,10,10,1.0677267060265248
2035,0.5,2.5,0.8,0.2,0.4,1,0.1,10,10,1.1371307662361332
2036,0.5,2.5,0.8,0.4,0.1,1,0.1,10,10,0.942472544810766
2037,0.5,2.5,0.8,0.4,0.2,1,0.1,10,10,1.002514344186323
2038,0.5,2.5,0.8,0.4,0.3,1,0.1,10,10,1.0669855839316438
2039,0.5,2.5,0.8,0.4,0.4,1,0.1,10,10,1.1362913106259531
2040,0.5,2.5,0.8,0.6,0.1,1,0.1,10,10,0.9418505099426224
2041,0.5,2.5,0.8,0.6,0.2,1,0.1,10,10,1.001839670165951
2042,0.5,2.5,0.8,0.6,0.3,1,0.1,10,10,1.0662382866851559
2043,0.5,2.5,0.8,0.6,0.4,1,0.1,10,10,1.1354462017009237
2044,0.5,2.5,0.8,0.8,0.1,1,0.1,10,10,0.941222849769082
2045,0.5,2.5,0.8,0.8,0.2,1,0.1,10,10,1.0011591945799319
2046,0.5,2.5,0.8,0.8,0.3,1,0.1,10,10,1.0654853482807438
2047,0.5,2.5,0.8,0.8,0.4,1,0.1,10,10,1.1345960774507025
2048,0.5,2.5,0.9,0.2,0.1,1,0.1,10,10,0.9210860150819336
2049,0.5,2.5,0.9,0.2,0.2,1,0.1,10,10,0.9798998508426116
2050,0.5,2.5,0.9,0.2,0.3,1,0.1,10,10,1.0430800198167058
2051,0.5,2.5,0.9,0.2,0.4,1,0.1,10,10,1.1110296009702467
2052,0.5,2.5,0.9,0.4,0.1,1,0.1,10,10,0.9204139776775212
2053,0.5,2.5,0.9,0.4,0.2,1,0.1,10,10,0.979173148306818
2054,0.5,2.5,0.9,0.4,0.3,1,0.1,10,10,1.0422771640173305
2055,0.5,2.5,0.9,0.4,0.4,1,0.1,10,10,1.1101234367989194
2056,0.5,2.5,0.9,0.6,0.1,1,0.1,10,10,0.9197344250312282
2057,0.5,2.5,0.9,0.6,0.2,1,0.1,10,10,0.9784385313716382
2058,0.5,2.5,0.9,0.6,0.3,1,0.1,10,10,1.0414663568898022
2059,0.5,2.5,0.9,0.6,0.4,1,0.1,10,10,1.109209793105044
2060,0.5,2.5,0.9,0.8,0.1,1,0.1,10,10,0.9190479290700924
2061,0.5,2.5,0.9,0.8,0.2,1,0.1,10,10,0.9776966341661756
2062,0.5,2.5,0.9,0.8,0.3,1,0.1,10,10,1.0406483284354846
2063,0.5,2.5,0.9,0.8,0.4,1,0.1,10,10,1.1082895366627452
2064,0.5,2.5,1.0,0.2,0.1,1,0.1,10,10,0.8993293681966692
2065,0.5,2.5,1.0,0.2,0.2,1,0.1,10,10,0.9568678695138004
2066,0.5,2.5,1.0,0.2,0.3,1,0.1,10,10,1.018688980365017
2067,0.5,2.5,1.0,0.2,0.4,1,0.1,10,10,1.085188476637616
2068,0.5,2.5,1.0,0.4,0.1,1,0.1,10,10,0.8986054895036063
2069,0.5,2.5,1.0,0.4,0.2,1,0.1,10,10,0.9560877730530708
2070,0.5,2.5,1.0,0.4,0.3,1,0.1,10,10,1.017830220122965
2071,0.5,2.5,1.0,0.4,0.4,1,0.1,10,10,1.0842226597500202
2072,0.5,2.5,1.0,0.6,0.1,1,0.1,10,10,0.89787248863683
2073,0.5,2.5,1.0,0.6,0.2,1,0.1,10,10,0.9552979268245716
2074,0.5,2.5,1.0,0.6,0.3,1,0.1,10,10,1.0169614914016676
2075,0.5,2.5,1.0,0.6,0.4,1,0.1,10,10,1.0832472339084322
2076,0.5,2.5,1.0,0.8,0.1,1,0.1,10,10,0.8971311307493552
2077,0.5,2.5,1.0,0.8,0.2,1,0.1,10,10,0.954499172316232
2078,0.5,2.5,1.0,0.8,0.3,1,0.1,10,10,1.016083755672777
2079,0.5,2.5,1.0,0.8,0.4,1,0.1,10,10,1.0822633336138037
2080,0.5,3.0,0.1,0.2,0.1,1,0.1,10,10,1.1034664797095628
2081,0.5,3.0,0.1,0.2,0.2,1,0.1,10,10,1.1726131248694858
2082,0.5,3.0,0.1,0.2,0.3,1,0.1,10,10,1.24678246904199
2083,0.5,3.0,0.1,0.2,0.4,1,0.1,10,10,1.3264361256834745
2084,0.5,3.0,0.1,0.4,0.1,1,0.1,10,10,1.1033719117576657
2085,0.5,3.0,0.1,0.4,0.2,1,0.1,10,10,1.1725078784731022
2086,0.5,3.0,0.1,0.4,0.3,1,0.1,10,10,1.2466627742036676
2087,0.5,3.0,0.1,0.4,0.4,1,0.1,10,10,1.3262972575934282
2088,0.5,3.0,0.1,0.6,0.1,1,0.1,10,10,1.1032772387776095
2089,0.5,3.0,0.1,0.6,0.2,1,0.1,10,10,1.1724025351466678
2090,0.5,3.0,0.1,0.6,0.3,1,0.1,10,10,1.2465429985710779
2091,0.5,3.0,0.1,0.6,0.4,1,0.1,10,10,1.3261583357950326
2092,0.5,3.0,0.1,0.8,0.1,1,0.1,10,10,1.1031824617197183
2093,0.5,3.0,0.1,0.8,0.2,1,0.1,10,10,1.172297096022776
2094,0.5,3.0,0.1,0.8,0.3,1,0.1,10,10,1.2464231435305502
2095,0.5,3.0,0.1,0.8,0.4,1,0.1,10,10,1.326019439751397
2096,0.5,3.0,0.2,0.2,0.1,1,0.1,10,10,1.0799192891231362
2097,0.5,3.0,0.2,0.2,0.2,1,0.1,10,10,1.1477671994985237
2098,0.5,3.0,0.2,0.2,0.3,1,0.1,10,10,1.2205572292433702
2099,0.5,3.0,0.2,0.2,0.4,1,0.1,10,10,1.2987435241423009
2100,0.5,3.0,0.2,0.4,0.1,1,0.1,10,10,1.0797354391909666
2101,0.5,3.0,0.2,0.4,0.2,1,0.1,10,10,1.1475633486222412
2102,0.5,3.0,0.2,0.4,0.3,1,0.1,10,10,1.220326230593782
2103,0.5,3.0,0.2,0.4,0.4,1,0.1,10,10,1.29847636585866
2104,0.5,3.0,0.2,0.6,0.1,1,0.1,10,10,1.0795511750955815
2105,0.5,3.0,0.2,0.6,0.2,1,0.1,10,10,1.1473591086833428
2106,0.5,3.0,0.2,0.6,0.3,1,0.1,10,10,1.2200948981864321
2107,0.5,3.0,0.2,0.6,0.4,1,0.1,10,10,1.2982090859542457
2108,0.5,3.0,0.2,0.8,0.1,1,0.1,10,10,1.0793665042711509
2109,0.5,3.0,0.2,0.8,0.2,1,0.1,10,10,1.1471544884568594
2110,0.5,3.0,0.2,0.8,0.3,1,0.1,10,10,1.2198632426832727
2111,0.5,3.0,0.2,0.8,0.4,1,0.1,10,10,1.297941511872402
2112,0.5,3.0,0.3,0.2,0.1,1,0.1,10,10,1.056573100297448
2113,0.5,3.0,0.3,0.2,0.2,1,0.1,10,10,1.1231231822807144
2114,0.5,3.0,0.3,0.2,0.3,1,0.1,10,10,1.1945342667694496
2115,0.5,3.0,0.3,0.2,0.4,1,0.1,10,10,1.27125334432687
2116,0.5,3.0,0.3,0.4,0.1,1,0.1,10,10,1.0563051227937854
2117,0.5,3.0,0.3,0.4,0.2,1,0.1,10,10,1.122827145880668
2118,0.5,3.0,0.3,0.4,0.3,1,0.1,10,10,1.194200022486919
2119,0.5,3.0,0.3,0.4,0.4,1,0.1,10,10,1.2708681400665176
2120,0.5,3.0,0.3,0.6,0.1,1,0.1,10,10,1.0560362268445282
2121,0.5,3.0,0.3,0.6,0.2,1,0.1,10,10,1.1225302315513028
2122,0.5,3.0,0.3,0.6,0.3,1,0.1,10,10,1.1938650049766215
2123,0.5,3.0,0.3,0.6,0.4,1,0.1,10,10,1.270482353705489
2124,0.5,3.0,0.3,0.8,0.1,1,0.1,10,10,1.0557664369710515
2125,0.5,3.0,0.3,0.8,0.2,1,0.1,10,10,1.1222324679683302
2126,0.5,3.0,0.3,0.8,0.3,1,0.1,10,10,1.1935292487474374
2127,0.5,3.0,0.3,0.8,0.4,1,0.1,10,10,1.270096027668737
2128,0.5,3.0,0.4,0.2,0.1,1,0.1,10,10,1.03343463721928
2129,0.5,3.0,0.4,0.2,0.2,1,0.1,10,10,1.0986883364726778
2130,0.5,3.0,0.4,0.2,0.3,1,0.1,10,10,1.1687214808358946
2131,0.5,3.0,0.4,0.2,0.4,1,0.1,10,10,1.2439740112535709
2132,0.5,3.0,0.4,0.4,0.1,1,0.1,10,10,1.0330875532155657
2133,0.5,3.0,0.4,0.4,0.2,1,0.1,10,10,1.0983063111768545
2134,0.5,3.0,0.4,0.4,0.3,1,0.1,10,10,1.1682917135194981
2135,0.5,3.0,0.4,0.4,0.4,1,0.1,10,10,1.243480399238137
2136,0.5,3.0,0.4,0.6,0.1,1,0.1,10,10,1.0327388603537109
2137,0.5,3.0,0.4,0.6,0.2,1,0.1,10,10,1.0979227215258534
2138,0.5,3.0,0.4,0.6,0.3,1,0.1,10,10,1.1678605337133072
2139,0.5,3.0,0.4,0.6,0.4,1,0.1,10,10,1.242985669390558
2140,0.5,3.0,0.4,0.8,0.1,1,0.1,10,10,1.0323886154208302
2141,0.5,3.0,0.4,0.8,0.2,1,0.1,10,10,1.0975376333138571
2142,0.5,3.0,0.4,0.8,0.3,1,0.1,10,10,1.1674280199083644
2143,0.5,3.0,0.4,0.8,0.4,1,0.1,10,10,1.2424899177683062
2144,0.5,3.0,0.5,0.2,0.1,1,0.1,10,10,1.0105105483912726
2145,0.5,3.0,0.5,0.2,0.2,1,0.1,10,10,1.0744696946684995
2146,0.5,3.0,0.5,0.2,0.3,1,0.1,10,10,1.143126691146087
2147,0.5,3.0,0.5,0.2,0.4,1,0.1,10,10,1.21691380512016
2148,0.5,3.0,0.5,0.4,0.1,1,0.1,10,10,1.010089244096226
2149,0.5,3.0,0.5,0.4,0.2,1,0.1,10,10,1.0740076572245252
2150,0.5,3.0,0.5,0.4,0.3,1,0.1,10,10,1.1426087949816015
2151,0.5,3.0,0.5,0.4,0.4,1,0.1,10,10,1.2163210116734409
2152,0.5,3.0,0.5,0.6,0.1,1,0.1,10,10,1.009665463481098
2153,0.5,3.0,0.5,0.6,0.2,1,0.1,10,10,1.0735431734915126
2154,0.5,3.0,0.5,0.6,0.3,1,0.1,10,10,1.1420886351527784
2155,0.5,3.0,0.5,0.6,0.4,1,0.1,10,10,1.2157263474138826
2156,0.5,3.0,0.5,0.8,0.1,1,0.1,10,10,1.0092393148775656
2157,0.5,3.0,0.5,0.8,0.2,1,0.1,10,10,1.0730763676404322
2158,0.5,3.0,0.5,0.8,0.3,1,0.1,10,10,1.1415663589064613
2159,0.5,3.0,0.5,0.8,0.4,1,0.1,10,10,1.2151299914892986
2160,0.5,3.0,0.6,0.2,0.1,1,0.1,10,10,0.987807090990504
2161,0.5,3.0,0.6,0.2,0.2,1,0.1,10,10,1.0504744993397197
2162,0.5,3.0,0.6,0.2,0.3,1,0.1,10,10,1.1177575500689918
2163,0.5,3.0,0.6,0.2,0.4,1,0.1,10,10,1.19008103043215
2164,0.5,3.0,0.6,0.4,0.1,1,0.1,10,10,0.9873163208432576
2165,0.5,3.0,0.6,0.4,0.2,1,0.1,10,10,1.0499382052166877
2166,0.5,3.0,0.6,0.4,0.3,1,0.1,10,10,1.1171585969131863
2167,0.5,3.0,0.6,0.4,0.4,1,0.1,10,10,1.1893978301670258
2168,0.5,3.0,0.6,0.6,0.1,1,0.1,10,10,0.9868220425033012
2169,0.5,3.0,0.6,0.6,0.2,1,0.1,10,10,1.049398387144722
2170,0.5,3.0,0.6,0.6,0.3,1,0.1,10,10,1.116556307521884
2171,0.5,3.0,0.6,0.6,0.4,1,0.1,10,10,1.1887117653017696
2172,0.5,3.0,0.6,0.8,0.1,1,0.1,10,10,0.9863244384801592
2173,0.5,3.0,0.6,0.8,0.2,1,0.1,10,10,1.0488552525919106
2174,0.5,3.0,0.6,0.8,0.3,1,0.1,10,10,1.115950926244493
2175,0.5,3.0,0.6,0.8,0.4,1,0.1,10,10,1.1880231313562541
2176,0.5,3.0,0.7,0.2,0.1,1,0.1,10,10,0.9653309068332292
2177,0.5,3.0,0.7,0.2,0.2,1,0.1,10,10,1.026709909682914
2178,0.5,3.0,0.7,0.2,0.3,1,0.1,10,10,1.0926217018454163
2179,0.5,3.0,0.7,0.2,0.4,1,0.1,10,10,1.1634839500791259
2180,0.5,3.0,0.7,0.4,0.1,1,0.1,10,10,0.9647754555851304
2181,0.5,3.0,0.7,0.4,0.2,1,0.1,10,10,1.0261048957892178
2182,0.5,3.0,0.7,0.4,0.3,1,0.1,10,10,1.0919484446196808
2183,0.5,3.0,0.7,0.4,0.4,1,0.1,10,10,1.1627186740150035
2184,0.5,3.0,0.7,0.6,0.1,1,0.1,10,10,0.9642151327245028
2185,0.5,3.0,0.7,0.6,0.2,1,0.1,10,10,1.0254950847181816
2186,0.5,3.0,0.7,0.6,0.3,1,0.1,10,10,1.0912705493040782
2187,0.5,3.0,0.7,0.6,0.4,1,0.1,10,10,1.1619492782775382
2188,0.5,3.0,0.7,0.8,0.1,1,0.1,10,10,0.9636502347933524
2189,0.5,3.0,0.7,0.8,0.2,1,0.1,10,10,1.0248807952420558
2190,0.5,3.0,0.7,0.8,0.3,1,0.1,10,10,1.0905883884802303
2191,0.5,3.0,0.7,0.8,0.4,1,0.1,10,10,1.1611762107505923
2192,0.5,3.0,0.8,0.2,0.1,1,0.1,10,10,0.9430885426264016
2193,0.5,3.0,0.8,0.2,0.2,1,0.1,10,10,1.0031827562749192
2194,0.5,3.0,0.8,0.2,0.3,1,0.1,10,10,1.0677267060265248
2195,0.5,3.0,0.8,0.2,0.4,1,0.1,10,10,1.1371307662361332
2196,0.5,3.0,0.8,0.4,0.1,1,0.1,10,10,0.942472544810766
2197,0.5,3.0,0.8,0.4,0.2,1,0.1,10,10,1.002514344186323
2198,0.5,3.0,0.8,0.4,0.3,1,0.1,10,10,1.0669855839316438
2199,0.5,3.0,0.8,0.4,0.4,1,0.1,10,10,1.1362913106259531
2200,0.5,3.0,0.8,0.6,0.1,1,0.1,10,10,0.9418505099426224
2201,0.5,3.0,0.8,0.6,0.2,1,0.1,10,10,1.001839670165951
2202,0.5,3.0,0.8,0.6,0.3,1,0.1,10,10,1.0662382866851559
2203,0.5,3.0,0.8,0.6,0.4,1,0.1,10,10,1.1354462017009237
2204,0.5,3.0,0.8,0.8,0.1,1,0.1,10,10,0.941222849769082
2205,0.5,3.0,0.8,0.8,0.2,1,0.1,10,10,1.0011591945799319
2206,0.5,3.0,0.8,0.8,0.3,1,0.1,10,10,1.0654853482807438
2207,0.5,3.0,0.8,0.8,0.4,1,0.1,10,10,1.1345960774507025
2208,0.5,3.0,0.9,0.2,0.1,1,0.1,10,10,0.9210860150819336
2209,0.5,3.0,0.9,0.2,0.2,1,0.1,10,10,0.9798998508426116
2210,0.5,3.0,0.9,0.2,0.3,1,0.1,10,10,1.0430800198167058
2211,0.5,3.0,0.9,0.2,0.4,1,0.1,10,10,1.1110296009702467
2212,0.5,3.0,0.9,0.4,0.1,1,0.1,10,10,0.9204139776775212
2213,0.5,3.0,0.9,0.4,0.2,1,0.1,10,10,0.979173148306818
2214,0.5,3.0,0.9,0.4,0.3,1,0.1,10,10,1.0422771640173305
2215,0.5,3.0,0.9,0.4,0.4,1,0.1,10,10,1.1101234367989194
2216,0.5,3.0,0.9,0.6,0.1,1,0.1,10,10,0.9197344250312282
2217,0.5,3.0,0.9,0.6,0.2,1,0.1,10,10,0.9784385313716382
2218,0.5,3.0,0.9,0.6,0.3,1,0.1,10,10,1.0414663568898022
2219,0.5,3.0,0.9,0.6,0.4,1,0.1,10,10,1.109209793105044
2220,0.5,3.0,0.9,0.8,0.1,1,0.1,10,10,0.919047929070092
2221,0.5,3.0,0.9,0.8,0.2,1,0.1,10,10,0.9776966341661756
2222,0.5,3.0,0.9,0.8,0.3,1,0.1,10,10,1.0406483284354846
2223,0.5,3.0,0.9,0.8,0.4,1,0.1,10,10,1.1082895366627452
2224,0.5,3.0,1.0,0.2,0.1,1,0.1,10,10,0.8993293681966692
2225,0.5,3.0,1.0,0.2,0.2,1,0.1,10,10,0.9568678695138004
2226,0.5,3.0,1.0,0.2,0.3,1,0.1,10,10,1.018688980365017
2227,0.5,3.0,1.0,0.2,0.4,1,0.1,10,10,1.085188476637616
2228,0.5,3.0,1.0,0.4,0.1,1,0.1,10,10,0.8986054895036063
2229,0.5,3.0,1.0,0.4,0.2,1,0.1,10,10,0.9560877730530708
2230,0.5,3.0,1.0,0.4,0.3,1,0.1,10,10,1.0178302201229643
2231,0.5,3.0,1.0,0.4,0.4,1,0.1,10,10,1.0842226597500195
2232,0.5,3.0,1.0,0.6,0.1,1,0.1,10,10,0.89787248863683
2233,0.5,3.0,1.0,0.6,0.2,1,0.1,10,10,0.9552979268245716
2234,0.5,3.0,1.0,0.6,0.3,1,0.1,10,10,1.0169614914016676
2235,0.5,3.0,1.0,0.6,0.4,1,0.1,10,10,1.0832472339084322
2236,0.5,3.0,1.0,0.8,0.1,1,0.1,10,10,0.8971311307493552
2237,0.5,3.0,1.0,0.8,0.2,1,0.1,10,10,0.954499172316232
2238,0.5,3.0,1.0,0.8,0.3,1,0.1,10,10,1.016083755672777
2239,0.5,3.0,1.0,0.8,0.4,1,0.1,10,10,1.0822633336138034
2240,1.0,0.0,0.1,0.2,0.1,1,0.1,10,10,1.0815155201794888
2241,1.0,0.0,0.1,0.2,0.2,1,0.1,10,10,1.1494871715801145
2242,1.0,0.0,0.1,0.2,0.3,1,0.1,10,10,1.2224132556941572
2243,1.0,0.0,0.1,0.2,0.4,1,0.1,10,10,1.3007496337025626
2244,1.0,0.0,0.1,0.4,0.1,1,0.1,10,10,1.0813303309287474
2245,1.0,0.0,0.1,0.4,0.2,1,0.1,10,10,1.149280980680198
2246,1.0,0.0,0.1,0.4,0.3,1,0.1,10,10,1.2221780671522775
2247,1.0,0.0,0.1,0.4,0.4,1,0.1,10,10,1.3004753868435346
2248,1.0,0.0,0.1,0.6,0.1,1,0.1,10,10,1.0811446548522092
2249,1.0,0.0,0.1,0.6,0.2,1,0.1,10,10,1.1490743186418222
2250,1.0,0.0,0.1,0.6,0.3,1,0.1,10,10,1.2219424493540008
2251,1.0,0.0,0.1,0.6,0.4,1,0.1,10,10,1.3002007891425666
2252,1.0,0.0,0.1,0.8,0.1,1,0.1,10,10,1.0809584994760195
2253,1.0,0.0,0.1,0.8,0.2,1,0.1,10,10,1.1488671944652176
2254,1.0,0.0,0.1,0.8,0.3,1,0.1,10,10,1.2217064134038702
2255,1.0,0.0,0.1,0.8,0.4,1,0.1,10,10,1.2999258545822254
2256,1.0,0.0,0.2,0.2,0.1,1,0.1,10,10,1.035998170690508
2257,1.0,0.0,0.2,0.2,0.2,1,0.1,10,10,1.1014604428518198
2258,1.0,0.0,0.2,0.2,0.3,1,0.1,10,10,1.1717241273198842
2259,1.0,0.0,0.2,0.2,0.4,1,0.1,10,10,1.247231663320986
2260,1.0,0.0,0.2,0.4,0.1,1,0.1,10,10,1.035646879100378
2261,1.0,0.0,0.2,0.4,0.2,1,0.1,10,10,1.1010725913513444
2262,1.0,0.0,0.2,0.4,0.3,1,0.1,10,10,1.1712853654656352
2263,1.0,0.0,0.2,0.4,0.4,1,0.1,10,10,1.246723890988864
2264,1.0,0.0,0.2,0.6,0.1,1,0.1,10,10,1.0352936958702328
2265,1.0,0.0,0.2,0.6,0.2,1,0.1,10,10,1.1006828589789266
2266,1.0,0.0,0.2,0.6,0.3,1,0.1,10,10,1.1708448263002742
2267,1.0,0.0,0.2,0.6,0.4,1,0.1,10,10,1.2462145752200648
2268,1.0,0.0,0.2,0.8,0.1,1,0.1,10,10,1.0349386795234274
2269,1.0,0.0,0.2,0.8,0.2,1,0.1,10,10,1.100291314200902
2270,1.0,0.0,0.2,0.8,0.3,1,0.1,10,10,1.170402592822109
2271,1.0,0.0,0.2,0.8,0.4,1,0.1,10,10,1.2457038191867889
2272,1.0,0.0,0.3,0.2,0.1,1,0.1,10,10,0.9907345885232951
2273,1.0,0.0,0.3,0.2,0.2,1,0.1,10,10,1.0536567464371185
2274,1.0,0.0,0.3,0.2,0.3,1,0.1,10,10,1.1212226193633559
2275,1.0,0.0,0.3,0.2,0.4,1,0.1,10,10,1.1938610100919098
2276,1.0,0.0,0.3,0.4,0.1,1,0.1,10,10,0.9902357596249072
2277,1.0,0.0,0.3,0.4,0.2,1,0.1,10,10,1.053110561174173
2278,1.0,0.0,0.3,0.4,0.3,1,0.1,10,10,1.1206098725676523
2279,1.0,0.0,0.3,0.4,0.4,1,0.1,10,10,1.1931574184837084
2280,1.0,0.0,0.3,0.6,0.1,1,0.1,10,10,0.9897328014081516
2281,1.0,0.0,0.3,0.6,0.2,1,0.1,10,10,1.0525601564195053
2282,1.0,0.0,0.3,0.6,0.3,1,0.1,10,10,1.1199929981993522
2283,1.0,0.0,0.3,0.6,0.4,1,0.1,10,10,1.1924500493222223
2284,1.0,0.0,0.3,0.8,0.1,1,0.1,10,10,0.9892259055193784
2285,1.0,0.0,0.3,0.8,0.2,1,0.1,10,10,1.0520057516195431
2286,1.0,0.0,0.3,0.8,0.3,1,0.1,10,10,1.1193722575340876
2287,1.0,0.0,0.3,0.8,0.4,1,0.1,10,10,1.1917392229811612
2288,1.0,0.0,0.4,0.2,0.1,1,0.1,10,10,0.9458086290975151
2289,1.0,0.0,0.4,0.2,0.2,1,0.1,10,10,1.0061653022933552
2290,1.0,0.0,0.4,0.2,0.3,1,0.1,10,10,1.0710033578886795
2291,1.0,0.0,0.4,0.2,0.4,1,0.1,10,10,1.1407376847415778
2292,1.0,0.0,0.4,0.4,0.1,1,0.1,10,10,0.945180232072386
2293,1.0,0.0,0.4,0.4,0.2,1,0.1,10,10,1.0054828388661687
2294,1.0,0.0,0.4,0.4,0.3,1,0.1,10,10,1.0702441179677566
2295,1.0,0.0,0.4,0.4,0.4,1,0.1,10,10,1.1398728820139656
2296,1.0,0.0,0.4,0.6,0.1,1,0.1,10,10,0.9445447233544256
2297,1.0,0.0,0.4,0.6,0.2,1,0.1,10,10,1.0047929071942672
2298,1.0,0.0,0.4,0.6,0.3,1,0.1,10,10,1.0694773305169671
2299,1.0,0.0,0.4,0.6,0.4,1,0.1,10,10,1.1390008503468037
2300,1.0,0.0,0.4,0.8,0.1,1,0.1,10,10,0.9439025429438379
2301,1.0,0.0,0.4,0.8,0.2,1,0.1,10,10,1.0040960007725148
2302,1.0,0.0,0.4,0.8,0.3,1,0.1,10,10,1.0687035725119889
2303,1.0,0.0,0.4,0.8,0.4,1,0.1,10,10,1.1381222871401742
2304,1.0,0.0,0.5,0.2,0.1,1,0.1,10,10,0.9013086150282941
2305,1.0,0.0,0.5,0.2,0.2,1,0.1,10,10,0.9590806154930128
2306,1.0,0.0,0.5,0.2,0.3,1,0.1,10,10,1.0211671848290118
2307,1.0,0.0,0.5,0.2,0.4,1,0.1,10,10,1.0879689663233272
2308,1.0,0.0,0.5,0.4,0.1,1,0.1,10,10,0.9005679510867358
2309,1.0,0.0,0.5,0.4,0.2,1,0.1,10,10,0.9582826021808808
2310,1.0,0.0,0.5,0.4,0.3,1,0.1,10,10,1.0202868013458768
2311,1.0,0.0,0.5,0.4,0.4,1,0.1,10,10,1.0869744187263637
2312,1.0,0.0,0.5,0.6,0.1,1,0.1,10,10,0.8998165404805714
2313,1.0,0.0,0.5,0.6,0.2,1,0.1,10,10,0.9574729935211888
2314,1.0,0.0,0.5,0.6,0.3,1,0.1,10,10,1.0193943368292289
2315,1.0,0.0,0.5,0.6,0.4,1,0.1,10,10,1.0859678340048595
2316,1.0,0.0,0.5,0.8,0.1,1,0.1,10,10,0.8990552141368097
2317,1.0,0.0,0.5,0.8,0.2,1,0.1,10,10,0.956652703272378
2318,1.0,0.0,0.5,0.8,0.3,1,0.1,10,10,1.0184908404635424
2319,1.0,0.0,0.5,0.8,0.4,1,0.1,10,10,1.0849504615983536
2320,1.0,0.0,0.6,0.2,0.1,1,0.1,10,10,0.8573265238111497
2321,1.0,0.0,0.6,0.2,0.2,1,0.1,10,10,0.9125016244990398
2322,1.0,0.0,0.6,0.2,0.3,1,0.1,10,10,0.971820274652456
2323,1.0,0.0,0.6,0.2,0.4,1,0.1,10,10,1.035668498196036
2324,1.0,0.0,0.6,0.4,0.1,1,0.1,10,10,0.8564901572575756
2325,1.0,0.0,0.6,0.4,0.2,1,0.1,10,10,0.9116074192797432
2326,1.0,0.0,0.6,0.4,0.3,1,0.1,10,10,0.9708419350481144
2327,1.0,0.0,0.6,0.4,0.4,1,0.1,10,10,1.0345725280182023
2328,1.0,0.0,0.6,0.6,0.1,1,0.1,10,10,0.8556388530677885
2329,1.0,0.0,0.6,0.6,0.2,1,0.1,10,10,0.9106966614253014
2330,1.0,0.0,0.6,0.6,0.3,1,0.1,10,10,0.9698458538862084
2331,1.0,0.0,0.6,0.6,0.4,1,0.1,10,10,1.0334582632657807
2332,1.0,0.0,0.6,0.8,0.1,1,0.1,10,10,0.8547739971423644
2333,1.0,0.0,0.6,0.8,0.2,1,0.1,10,10,0.9097708471531426
2334,1.0,0.0,0.6,0.8,0.3,1,0.1,10,10,0.9688337190280752
2335,1.0,0.0,0.6,0.8,0.4,1,0.1,10,10,1.032327683688127
2336,1.0,0.0,0.7,0.2,0.1,1,0.1,10,10,0.8139570042247767
2337,1.0,0.0,0.7,0.2,0.2,1,0.1,10,10,0.8665306519207161
2338,1.0,0.0,0.7,0.2,0.3,1,0.1,10,10,0.9230730236380028
2339,1.0,0.0,0.7,0.2,0.4,1,0.1,10,10,0.9839551229325731
2340,1.0,0.0,0.7,0.4,0.1,1,0.1,10,10,0.8130406980811031
2341,1.0,0.0,0.7,0.4,0.2,1,0.1,10,10,0.8655582136142954
2342,1.0,0.0,0.7,0.4,0.3,1,0.1,10,10,0.9220177601435932
2343,1.0,0.0,0.7,0.4,0.4,1,0.1,10,10,0.9827829495646552
2344,1.0,0.0,0.7,0.6,0.1,1,0.1,10,10,0.8121048085936776
2345,1.0,0.0,0.7,0.6,0.2,1,0.1,10,10,0.8645635022146801
2346,1.0,0.0,0.7,0.6,0.3,1,0.1,10,10,0.9209379897446712
2347,1.0,0.0,0.7,0.6,0.4,1,0.1,10,10,0.9815847382650223
2348,1.0,0.0,0.7,0.8,0.1,1,0.1,10,10,0.8111514562735196
2349,1.0,0.0,0.7,0.8,0.2,1,0.1,10,10,0.8635487686892049
2350,1.0,0.0,0.7,0.8,0.3,1,0.1,10,10,0.9198362091012368
2351,1.0,0.0,0.7,0.8,0.4,1,0.1,10,10,0.9803633733431316
2352,1.0,0.0,0.8,0.2,0.1,1,0.1,10,10,0.7712962335519936
2353,1.0,0.0,0.8,0.2,0.2,1,0.1,10,10,0.8212721692892425
2354,1.0,0.0,0.8,0.2,0.3,1,0.1,10,10,0.8750387220396284
2355,1.0,0.0,0.8,0.2,0.4,1,0.1,10,10,0.9329514642463528
2356,1.0,0.0,0.8,0.4,0.1,1,0.1,10,10,0.7703148910941044
2357,1.0,0.0,0.8,0.4,0.2,1,0.1,10,10,0.8202380434196275
2358,1.0,0.0,0.8,0.4,0.3,1,0.1,10,10,0.8739254453166839
2359,1.0,0.0,0.8,0.4,0.4,1,0.1,10,10,0.9317252879336372
2360,1.0,0.0,0.8,0.6,0.1,1,0.1,10,10,0.7693089704849179
2361,1.0,0.0,0.8,0.6,0.2,1,0.1,10,10,0.8191752480582691
2362,1.0,0.0,0.8,0.6,0.3,1,0.1,10,10,0.87277985282469
2363,1.0,0.0,0.8,0.6,0.4,1,0.1,10,10,0.9304638696175166
2364,1.0,0.0,0.8,0.8,0.1,1,0.1,10,10,0.7682815162445539
2365,1.0,0.0,0.8,0.8,0.2,1,0.1,10,10,0.8180869666305474
2366,1.0,0.0,0.8,0.8,0.3,1,0.1,10,10,0.8716054200750034
2367,1.0,0.0,0.8,0.8,0.4,1,0.1,10,10,0.9291711653584404
2368,1.0,0.0,0.9,0.2,0.1,1,0.1,10,10,0.7294406367041849
2369,1.0,0.0,0.9,0.2,0.2,1,0.1,10,10,0.7768313977191159
2370,1.0,0.0,0.9,0.2,0.3,1,0.1,10,10,0.827832031279783
2371,1.0,0.0,0.9,0.2,0.4,1,0.1,10,10,0.8827822776161729
2372,1.0,0.0,0.9,0.4,0.1,1,0.1,10,10,0.7284082501984377
2373,1.0,0.0,0.9,0.4,0.2,1,0.1,10,10,0.7757507172089638
2374,1.0,0.0,0.9,0.4,0.3,1,0.1,10,10,0.8266775896830649
2375,1.0,0.0,0.9,0.4,0.4,1,0.1,10,10,0.8815214036314939
2376,1.0,0.0,0.9,0.6,0.1,1,0.1,10,10,0.7273460508492068
2377,1.0,0.0,0.9,0.6,0.2,1,0.1,10,10,0.7746344024196742
2378,1.0,0.0,0.9,0.6,0.3,1,0.1,10,10,0.8254820816032373
2379,1.0,0.0,0.9,0.6,0.4,1,0.1,10,10,0.8802147126063676
2380,1.0,0.0,0.9,0.8,0.1,1,0.1,10,10,0.7262582006247805
2381,1.0,0.0,0.9,0.8,0.2,1,0.1,10,10,0.7734867487056153
2382,1.0,0.0,0.9,0.8,0.3,1,0.1,10,10,0.8242501297934912
2383,1.0,0.0,0.9,0.8,0.4,1,0.1,10,10,0.8788673929208979
2384,1.0,0.0,1.0,0.2,0.1,1,0.1,10,10,0.6884854975002448
2385,1.0,0.0,1.0,0.2,0.2,1,0.1,10,10,0.7333127771176946
2386,1.0,0.0,1.0,0.2,0.3,1,0.1,10,10,0.7815673010002409
2387,1.0,0.0,1.0,0.2,0.4,1,0.1,10,10,0.8335726061485479
2388,1.0,0.0,1.0,0.4,0.1,1,0.1,10,10,0.687415105309203
2389,1.0,0.0,1.0,0.4,0.2,1,0.1,10,10,0.7321992774313265
2390,1.0,0.0,1.0,0.4,0.3,1,0.1,10,10,0.7803865633094675
2391,1.0,0.0,1.0,0.4,0.4,1,0.1,10,10,0.8322936053020888
2392,1.0,0.0,1.0,0.6,0.1,1,0.1,10,10,0.6863095372016295
2393,1.0,0.0,1.0,0.6,0.2,1,0.1,10,10,0.7310427369224343
2394,1.0,0.0,1.0,0.6,0.3,1,0.1,10,10,0.779155207478574
2395,1.0,0.0,1.0,0.6,0.4,1,0.1,10,10,0.830956994805681
2396,1.0,0.0,1.0,0.8,0.1,1,0.1,10,10,0.68517426450255
2397,1.0,0.0,1.0,0.8,0.2,1,0.1,10,10,0.7298487412163261
2398,1.0,0.0,1.0,0.8,0.3,1,0.1,10,10,0.7778791701505885
2399,1.0,0.0,1.0,0.8,0.4,1,0.1,10,10,0.8295693521887207
2400,1.0,0.5,0.1,0.2,0.1,1,0.1,10,10,1.0815139756251448
2401,1.0,0.5,0.1,0.2,0.2,1,0.1,10,10,1.1494854798538543
2402,1.0,0.5,0.1,0.2,0.3,1,0.1,10,10,1.2224114002879802
2403,1.0,0.5,0.1,0.2,0.4,1,0.1,10,10,1.3007475959512902
2404,1.0,0.5,0.1,0.4,0.1,1,0.1,10,10,1.0813287933844964
2405,1.0,0.5,0.1,0.4,0.2,1,0.1,10,10,1.1492792983219673
2406,1.0,0.5,0.1,0.4,0.3,1,0.1,10,10,1.2221762252655968
2407,1.0,0.5,0.1,0.4,0.4,1,0.1,10,10,1.3004733690664851
2408,1.0,0.5,0.1,0.6,0.1,1,0.1,10,10,1.0811431244777618
2409,1.0,0.5,0.1,0.6,0.2,1,0.1,10,10,1.1490726458283889
2410,1.0,0.5,0.1,0.6,0.3,1,0.1,10,10,1.2219406211869763
2411,1.0,0.5,0.1,0.6,0.4,1,0.1,10,10,1.300198791570207
2412,1.0,0.5,0.1,0.8,0.1,1,0.1,10,10,1.0809569764301288
2413,1.0,0.5,0.1,0.8,0.2,1,0.1,10,10,1.1488655313720064
2414,1.0,0.5,0.1,0.8,0.3,1,0.1,10,10,1.2217045991547042
2415,1.0,0.5,0.1,0.8,0.4,1,0.1,10,10,1.2999238774421609
2416,1.0,0.5,0.2,0.2,0.1,1,0.1,10,10,1.0359988076383018
2417,1.0,0.5,0.2,0.2,0.2,1,0.1,10,10,1.101461004285354
2418,1.0,0.5,0.2,0.2,0.3,1,0.1,10,10,1.1717245954291649
2419,1.0,0.5,0.2,0.2,0.4,1,0.1,10,10,1.2472320174360019
2420,1.0,0.5,0.2,0.4,0.1,1,0.1,10,10,1.0356475400927898
2421,1.0,0.5,0.2,0.4,0.2,1,0.1,10,10,1.101073180990523
2422,1.0,0.5,0.2,0.4,0.3,1,0.1,10,10,1.1712858691583508
2423,1.0,0.5,0.2,0.4,0.4,1,0.1,10,10,1.2467242922348245
2424,1.0,0.5,0.2,0.6,0.1,1,0.1,10,10,1.0352943815558755
2425,1.0,0.5,0.2,0.6,0.2,1,0.1,10,10,1.1006834775308187
2426,1.0,0.5,0.2,0.6,0.3,1,0.1,10,10,1.1708453663535767
2427,1.0,0.5,0.2,0.6,0.4,1,0.1,10,10,1.2462150244545276
2428,1.0,0.5,0.2,0.8,0.1,1,0.1,10,10,1.0349393905363464
2429,1.0,0.5,0.2,0.8,0.2,1,0.1,10,10,1.1002919623547849
2430,1.0,0.5,0.2,0.8,0.3,1,0.1,10,10,1.1704031699902135
2431,1.0,0.5,0.2,0.8,0.4,1,0.1,10,10,1.2457043172367477
2432,1.0,0.5,0.3,0.2,0.1,1,0.1,10,10,0.9907410587633864
2433,1.0,0.5,0.3,0.2,0.2,1,0.1,10,10,1.0536634365987398
2434,1.0,0.5,0.3,0.2,0.3,1,0.1,10,10,1.1212295265921222
2435,1.0,0.5,0.3,0.2,0.4,1,0.1,10,10,1.1938681295202198
2436,1.0,0.5,0.3,0.4,0.1,1,0.1,10,10,0.9902422774084564
2437,1.0,0.5,0.3,0.4,0.2,1,0.1,10,10,1.0531173039108943
2438,1.0,0.5,0.3,0.4,0.3,1,0.1,10,10,1.1206168414804645
2439,1.0,0.5,0.3,0.4,0.4,1,0.1,10,10,1.1931646140502177
2440,1.0,0.5,0.3,0.6,0.1,1,0.1,10,10,0.9897393682045152
2441,1.0,0.5,0.3,0.6,0.2,1,0.1,10,10,1.052566953342907
2442,1.0,0.5,0.3,0.6,0.3,1,0.1,10,10,1.1200000305537914
2443,1.0,0.5,0.3,0.6,0.4,1,0.1,10,10,1.1924573229254198
2444,1.0,0.5,0.3,0.8,0.1,1,0.1,10,10,0.9892325227273434
2445,1.0,0.5,0.3,0.8,0.2,1,0.1,10,10,1.0520126042603386
2446,1.0,0.5,0.3,0.8,0.3,1,0.1,10,10,1.1193793549900024
2447,1.0,0.5,0.3,0.8,0.4,1,0.1,10,10,1.1917465763965016
2448,1.0,0.5,0.4,0.2,0.1,1,0.1,10,10,0.9458244338278654
2449,1.0,0.5,0.4,0.2,0.2,1,0.1,10,10,1.0061818459155776
2450,1.0,0.5,0.4,0.2,0.3,1,0.1,10,10,1.0710206695084152
2451,1.0,0.5,0.4,0.2,0.4,1,0.1,10,10,1.1407557939389483
2452,1.0,0.5,0.4,0.4,0.1,1,0.1,10,10,0.945196110912956
2453,1.0,0.5,0.4,0.4,0.2,1,0.1,10,10,1.0054994614379549
2454,1.0,0.5,0.4,0.4,0.3,1,0.1,10,10,1.0702615176359898
2455,1.0,0.5,0.4,0.4,0.4,1,0.1,10,10,1.1398910940288702
2456,1.0,0.5,0.4,0.6,0.1,1,0.1,10,10,0.9445606789109556
2457,1.0,0.5,0.4,0.6,0.2,1,0.1,10,10,1.0048096116442071
2458,1.0,0.5,0.4,0.6,0.3,1,0.1,10,10,1.0694948214662283
2459,1.0,0.5,0.4,0.6,0.4,1,0.1,10,10,1.1390191686741689
2460,1.0,0.5,0.4,0.8,0.1,1,0.1,10,10,0.9439185776093092
2461,1.0,0.5,0.4,0.8,0.2,1,0.1,10,10,1.0041127897949869
2462,1.0,0.5,0.4,0.8,0.3,1,0.1,10,10,1.0687211577039255
2463,1.0,0.5,0.4,0.8,0.4,1,0.1,10,10,1.138140714948069
2464,1.0,0.5,0.5,0.2,0.1,1,0.1,10,10,0.9013370269802532
2465,1.0,0.5,0.5,0.2,0.2,1,0.1,10,10,0.9591105028199091
2466,1.0,0.5,0.5,0.2,0.3,1,0.1,10,10,1.0211986259418844
2467,1.0,0.5,0.5,0.2,0.4,1,0.1,10,10,1.088002044311154
2468,1.0,0.5,0.5,0.4,0.1,1,0.1,10,10,0.9005964636434673
2469,1.0,0.5,0.5,0.4,0.2,1,0.1,10,10,0.958312593787766
2470,1.0,0.5,0.5,0.4,0.3,1,0.1,10,10,1.020318354139159
2471,1.0,0.5,0.5,0.4,0.4,1,0.1,10,10,1.0870076208763426
2472,1.0,0.5,0.5,0.6,0.1,1,0.1,10,10,0.8998451576609328
2473,1.0,0.5,0.5,0.6,0.2,1,0.1,10,10,0.9575030941060364
2474,1.0,0.5,0.5,0.6,0.3,1,0.1,10,10,1.0194260066303116
2475,1.0,0.5,0.5,0.6,0.4,1,0.1,10,10,1.0860011661833844
2476,1.0,0.5,0.5,0.8,0.1,1,0.1,10,10,0.8990839394660102
2477,1.0,0.5,0.5,0.8,0.2,1,0.1,10,10,0.956682917004982
2478,1.0,0.5,0.5,0.8,0.3,1,0.1,10,10,1.0185226320089762
2479,1.0,0.5,0.5,0.8,0.4,1,0.1,10,10,1.0849839289829657
2480,1.0,0.5,0.6,0.2,0.1,1,0.1,10,10,0.8573705107148143
2481,1.0,0.5,0.6,0.2,0.2,1,0.1,10,10,0.9125480285973198
2482,1.0,0.5,0.6,0.2,0.3,1,0.1,10,10,0.9718692408495436
2483,1.0,0.5,0.6,0.2,0.4,1,0.1,10,10,1.0357201820372048
2484,1.0,0.5,0.6,0.4,0.1,1,0.1,10,10,0.8565342683897887
2485,1.0,0.5,0.6,0.4,0.2,1,0.1,10,10,0.9116539494191044
2486,1.0,0.5,0.6,0.4,0.3,1,0.1,10,10,0.9708910316067944
2487,1.0,0.5,0.6,0.4,0.4,1,0.1,10,10,1.0346243501495196
2488,1.0,0.5,0.6,0.6,0.1,1,0.1,10,10,0.8556830940719046
2489,1.0,0.5,0.6,0.6,0.2,1,0.1,10,10,0.9107433245481108
2490,1.0,0.5,0.6,0.6,0.3,1,0.1,10,10,0.9698950889718001
2491,1.0,0.5,0.6,0.6,0.4,1,0.1,10,10,1.0335102329397512
2492,1.0,0.5,0.6,0.8,0.1,1,0.1,10,10,0.8548183726930378
2493,1.0,0.5,0.6,0.8,0.2,1,0.1,10,10,0.9098176491863924
2494,1.0,0.5,0.6,0.8,0.3,1,0.1,10,10,0.9688830996989812
2495,1.0,0.5,0.6,0.8,0.4,1,0.1,10,10,1.032379808903072
2496,1.0,0.5,0.7,0.2,0.1,1,0.1,10,10,0.8140191567827924
2497,1.0,0.5,0.7,0.2,0.2,1,0.1,10,10,0.866596350387895
2498,1.0,0.5,0.7,0.2,0.3,1,0.1,10,10,0.9231424958683326
2499,1.0,0.5,0.7,0.2,0.4,1,0.1,10,10,0.9840286151417648
2500,1.0,0.5,0.7,0.4,0.1,1,0.1,10,10,0.8131029932373074
2501,1.0,0.5,0.7,0.4,0.2,1,0.1,10,10,0.8656240543361292
2502,1.0,0.5,0.7,0.4,0.3,1,0.1,10,10,0.9220873749893648
2503,1.0,0.5,0.7,0.4,0.4,1,0.1,10,10,0.9828565861110178
2504,1.0,0.5,0.7,0.6,0.1,1,0.1,10,10,0.8121672537327956
2505,1.0,0.5,0.7,0.6,0.2,1,0.1,10,10,0.8646294948391462
2506,1.0,0.5,0.7,0.6,0.3,1,0.1,10,10,0.921007759034122
2507,1.0,0.5,0.7,0.6,0.4,1,0.1,10,10,0.9816585329987679
2508,1.0,0.5,0.7,0.8,0.1,1,0.1,10,10,0.8112140570896516
2509,1.0,0.5,0.7,0.8,0.2,1,0.1,10,10,0.8636149211170551
2510,1.0,0.5,0.7,0.8,0.3,1,0.1,10,10,0.9199061427943668
2511,1.0,0.5,0.7,0.8,0.4,1,0.1,10,10,0.9804373380463156
2512,1.0,0.5,0.8,0.2,0.1,1,0.1,10,10,0.7713787011952841
2513,1.0,0.5,0.8,0.2,0.2,1,0.1,10,10,0.8213594739411876
2514,1.0,0.5,0.8,0.2,0.3,1,0.1,10,10,0.8751311896087542
2515,1.0,0.5,0.8,0.2,0.4,1,0.1,10,10,0.933049448418302
2516,1.0,0.5,0.8,0.4,0.1,1,0.1,10,10,0.7703975125409033
2517,1.0,0.5,0.8,0.4,0.2,1,0.1,10,10,0.8203254995616376
2518,1.0,0.5,0.8,0.4,0.3,1,0.1,10,10,0.8740180605217627
2519,1.0,0.5,0.8,0.4,0.4,1,0.1,10,10,0.9318234144032618
2520,1.0,0.5,0.8,0.6,0.1,1,0.1,10,10,0.7693917548537406
2521,1.0,0.5,0.8,0.6,0.2,1,0.1,10,10,0.8192628684379537
2522,1.0,0.5,0.8,0.6,0.3,1,0.1,10,10,0.8728726319861341
2523,1.0,0.5,0.8,0.6,0.4,1,0.1,10,10,0.9305621581385072
2524,1.0,0.5,0.8,0.8,0.1,1,0.1,10,10,0.768364469950136
2525,1.0,0.5,0.8,0.8,0.2,1,0.1,10,10,0.8181747612244459
2526,1.0,0.5,0.8,0.8,0.3,1,0.1,10,10,0.8716983765892632
2527,1.0,0.5,0.8,0.8,0.4,1,0.1,10,10,0.9292696325045402
2528,1.0,0.5,0.9,0.2,0.1,1,0.1,10,10,0.7295450743387205
2529,1.0,0.5,0.9,0.2,0.2,1,0.1,10,10,0.7769420957949043
2530,1.0,0.5,0.9,0.2,0.3,1,0.1,10,10,0.8279494268814491
2531,1.0,0.5,0.9,0.2,0.4,1,0.1,10,10,0.8829068465806175
2532,1.0,0.5,0.9,0.4,0.1,1,0.1,10,10,0.7285128442793027
2533,1.0,0.5,0.9,0.4,0.2,1,0.1,10,10,0.7758615681283951
2534,1.0,0.5,0.9,0.4,0.3,1,0.1,10,10,0.8267951304752609
2535,1.0,0.5,0.9,0.4,0.4,1,0.1,10,10,0.8816461054259751
2536,1.0,0.5,0.9,0.6,0.1,1,0.1,10,10,0.7274508120684694
2537,1.0,0.5,0.9,0.6,0.2,1,0.1,10,10,0.7747454222915537
2538,1.0,0.5,0.9,0.6,0.3,1,0.1,10,10,0.8255997891257926
2539,1.0,0.5,0.9,0.6,0.4,1,0.1,10,10,0.8803395741358974
2540,1.0,0.5,0.9,0.8,0.1,1,0.1,10,10,0.7263631356353176
2541,1.0,0.5,0.9,0.8,0.2,1,0.1,10,10,0.7735979495110541
2542,1.0,0.5,0.9,0.8,0.3,1,0.1,10,10,0.8243680212625951
2543,1.0,0.5,0.9,0.8,0.4,1,0.1,10,10,0.8789924364441654
2544,1.0,0.5,1.0,0.2,0.1,1,0.1,10,10,0.6886130260543953
2545,1.0,0.5,1.0,0.2,0.2,1,0.1,10,10,0.7334480871475828
2546,1.0,0.5,1.0,0.2,0.3,1,0.1,10,10,0.7817109513041385
2547,1.0,0.5,1.0,0.2,0.4,1,0.1,10,10,0.8337252065981102
2548,1.0,0.5,1.0,0.4,0.1,1,0.1,10,10,0.6875427835215843
2549,1.0,0.5,1.0,0.4,0.2,1,0.1,10,10,0.7323347333603267
2550,1.0,0.5,1.0,0.4,0.3,1,0.1,10,10,0.7805303491184872
2551,1.0,0.5,1.0,0.4,0.4,1,0.1,10,10,0.8324463227950466
2552,1.0,0.5,1.0,0.6,0.1,1,0.1,10,10,0.6864373770018829
2553,1.0,0.5,1.0,0.6,0.2,1,0.1,10,10,0.7311783582795388
2554,1.0,0.5,1.0,0.6,0.3,1,0.1,10,10,0.7792991560539742
2555,1.0,0.5,1.0,0.6,0.4,1,0.1,10,10,0.8311098644041892
2556,1.0,0.5,1.0,0.8,0.1,1,0.1,10,10,0.6853022721104306
2557,1.0,0.5,1.0,0.8,0.2,1,0.1,10,10,0.729984541682238
2558,1.0,0.5,1.0,0.8,0.3,1,0.1,10,10,0.7780233026375527
2559,1.0,0.5,1.0,0.8,0.4,1,0.1,10,10,0.8297224024221792
2560,1.0,1.0,0.1,0.2,0.1,1,0.1,10,10,1.0815093077287905
2561,1.0,1.0,0.1,0.2,0.2,1,0.1,10,10,1.1494803705070065
2562,1.0,1.0,0.1,0.2,0.3,1,0.1,10,10,1.2224058001857612
2563,1.0,1.0,0.1,0.2,0.4,1,0.1,10,10,1.3007414493557856
2564,1.0,1.0,0.1,0.4,0.1,1,0.1,10,10,1.0813241459928549
2565,1.0,1.0,0.1,0.4,0.2,1,0.1,10,10,1.149274216454648
2566,1.0,1.0,0.1,0.4,0.3,1,0.1,10,10,1.2221706649353723
2567,1.0,1.0,0.1,0.4,0.4,1,0.1,10,10,1.3004672813641074
2568,1.0,1.0,0.1,0.6,0.1,1,0.1,10,10,1.0811384980640193
2569,1.0,1.0,0.1,0.6,0.2,1,0.1,10,10,1.149067591964564
2570,1.0,1.0,0.1,0.6,0.3,1,0.1,10,10,1.2219351012224198
2571,1.0,1.0,0.1,0.6,0.4,1,0.1,10,10,1.3001927634450554
2572,1.0,1.0,0.1,0.8,0.1,1,0.1,10,10,1.0809523714646918
2573,1.0,1.0,0.1,0.8,0.2,1,0.1,10,10,1.1488605060317154
2574,1.0,1.0,0.1,0.8,0.3,1,0.1,10,10,1.221699120143757
2575,1.0,1.0,0.1,0.8,0.4,1,0.1,10,10,1.2999179095699107
2576,1.0,1.0,0.2,0.2,0.1,1,0.1,10,10,1.0360003531492492
2577,1.0,1.0,0.2,0.2,0.2,1,0.1,10,10,1.1014623061026991
2578,1.0,1.0,0.2,0.2,0.3,1,0.1,10,10,1.1717255993672828
2579,1.0,1.0,0.2,0.2,0.4,1,0.1,10,10,1.247232660691718
2580,1.0,1.0,0.2,0.4,0.1,1,0.1,10,10,1.0356491558726542
2581,1.0,1.0,0.2,0.4,0.2,1,0.1,10,10,1.1010745653638627
2582,1.0,1.0,0.2,0.4,0.3,1,0.1,10,10,1.171286977480847
2583,1.0,1.0,0.2,0.4,0.4,1,0.1,10,10,1.246725074069919
2584,1.0,1.0,0.2,0.6,0.1,1,0.1,10,10,1.0352960695246904
2585,1.0,1.0,0.2,0.6,0.2,1,0.1,10,10,1.1006849465544646
2586,1.0,1.0,0.2,0.6,0.3,1,0.1,10,10,1.1708465813646138
2587,1.0,1.0,0.2,0.6,0.4,1,0.1,10,10,1.2462159474150778
2588,1.0,1.0,0.2,0.8,0.1,1,0.1,10,10,1.0349411525716221
2589,1.0,1.0,0.2,0.8,0.2,1,0.1,10,10,1.1002935180710343
2590,1.0,1.0,0.2,0.8,0.3,1,0.1,10,10,1.1704044939268037
2591,1.0,1.0,0.2,0.8,0.4,1,0.1,10,10,1.2457053837791845
2592,1.0,1.0,0.3,0.2,0.1,1,0.1,10,10,0.990759477063634
2593,1.0,1.0,0.3,0.2,0.2,1,0.1,10,10,1.0536824623049637
2594,1.0,1.0,0.3,0.2,0.3,1,0.1,10,10,1.1212491481112552
2595,1.0,1.0,0.3,0.2,0.4,1,0.1,10,10,1.1938883289820126
2596,1.0,1.0,0.3,0.4,0.1,1,0.1,10,10,0.9902608346037785
2597,1.0,1.0,0.3,0.4,0.2,1,0.1,10,10,1.0531364833518837
2598,1.0,1.0,0.3,0.4,0.3,1,0.1,10,10,1.1206366436846515
2599,1.0,1.0,0.3,0.4,0.4,1,0.1,10,10,1.1931850370206358
2600,1.0,1.0,0.3,0.6,0.1,1,0.1,10,10,0.9897580686414932
2601,1.0,1.0,0.3,0.6,0.2,1,0.1,10,10,1.0525862912879675
2602,1.0,1.0,0.3,0.6,0.3,1,0.1,10,10,1.1200200186495506
2603,1.0,1.0,0.3,0.6,0.4,1,0.1,10,10,1.1924779750373156
2604,1.0,1.0,0.3,0.8,0.1,1,0.1,10,10,0.9892513705466798
2605,1.0,1.0,0.3,0.8,0.2,1,0.1,10,10,1.0520321052426562
2606,1.0,1.0,0.3,0.8,0.3,1,0.1,10,10,1.1193995338981215
2607,1.0,1.0,0.3,0.8,0.4,1,0.1,10,10,1.1917674629225472
2608,1.0,1.0,0.4,0.2,0.1,1,0.1,10,10,0.9458699423259714
2609,1.0,1.0,0.4,0.2,0.2,1,0.1,10,10,1.0062294653816792
2610,1.0,1.0,0.4,0.2,0.3,1,0.1,10,10,1.071070480582557
2611,1.0,1.0,0.4,0.2,0.4,1,0.1,10,10,1.1408078781145292
2612,1.0,1.0,0.4,0.4,0.1,1,0.1,10,10,0.9452418358885736
2613,1.0,1.0,0.4,0.4,0.2,1,0.1,10,10,1.0055473116387148
2614,1.0,1.0,0.4,0.4,0.3,1,0.1,10,10,1.0703115863915524
2615,1.0,1.0,0.4,0.4,0.4,1,0.1,10,10,1.1399434797168408
2616,1.0,1.0,0.4,0.6,0.1,1,0.1,10,10,0.9446066280682904
2617,1.0,1.0,0.4,0.6,0.2,1,0.1,10,10,1.0048577012385758
2618,1.0,1.0,0.4,0.6,0.3,1,0.1,10,10,1.0695451574674055
2619,1.0,1.0,0.4,0.6,0.4,1,0.1,10,10,1.1390718662293609
2620,1.0,1.0,0.4,0.8,0.1,1,0.1,10,10,0.9439647580320164
2621,1.0,1.0,0.4,0.8,0.2,1,0.1,10,10,1.0041611267584916
2622,1.0,1.0,0.4,0.8,0.3,1,0.1,10,10,1.0687717697238073
2623,1.0,1.0,0.4,0.8,0.4,1,0.1,10,10,1.1381937337696149
2624,1.0,1.0,0.5,0.2,0.1,1,0.1,10,10,0.901419176880115
2625,1.0,1.0,0.5,0.2,0.2,1,0.1,10,10,0.959196902143
2626,1.0,1.0,0.5,0.2,0.3,1,0.1,10,10,1.0212894981968457
2627,1.0,1.0,0.5,0.2,0.4,1,0.1,10,10,1.088097625999234
2628,1.0,1.0,0.5,0.4,0.1,1,0.1,10,10,0.9006789074110755
2629,1.0,1.0,0.5,0.4,0.2,1,0.1,10,10,0.9583992977878844
2630,1.0,1.0,0.5,0.4,0.3,1,0.1,10,10,1.020409553047578
2631,1.0,1.0,0.5,0.4,0.4,1,0.1,10,10,1.0871035664107815
2632,1.0,1.0,0.5,0.6,0.1,1,0.1,10,10,0.8999279071747197
2633,1.0,1.0,0.5,0.6,0.2,1,0.1,10,10,0.957590116661398
2634,1.0,1.0,0.5,0.6,0.3,1,0.1,10,10,1.0195175479333778
2635,1.0,1.0,0.5,0.6,0.4,1,0.1,10,10,1.0860974929140137
2636,1.0,1.0,0.5,0.8,0.1,1,0.1,10,10,0.8991670051648993
2637,1.0,1.0,0.5,0.8,0.2,1,0.1,10,10,0.9567702704533044
2638,1.0,1.0,0.5,0.8,0.3,1,0.1,10,10,1.0186145297235516
2639,1.0,1.0,0.5,0.8,0.4,1,0.1,10,10,1.0850806522473415
2640,1.0,1.0,0.6,0.2,0.1,1,0.1,10,10,0.8574979668663498
2641,1.0,1.0,0.6,0.2,0.2,1,0.1,10,10,0.9126824721895374
2642,1.0,1.0,0.6,0.2,0.3,1,0.1,10,10,0.9720110884491656
2643,1.0,1.0,0.6,0.2,0.4,1,0.1,10,10,1.0358698804812387
2644,1.0,1.0,0.6,0.4,0.1,1,0.1,10,10,0.8566620874600911
2645,1.0,1.0,0.6,0.4,0.2,1,0.1,10,10,0.9117887612263601
2646,1.0,1.0,0.6,0.4,0.3,1,0.1,10,10,0.9710332603601188
2647,1.0,1.0,0.6,0.4,0.4,1,0.1,10,10,1.034774453641427
2648,1.0,1.0,0.6,0.6,0.1,1,0.1,10,10,0.8558112927390057
2649,1.0,1.0,0.6,0.6,0.2,1,0.1,10,10,0.9108785250626396
2650,1.0,1.0,0.6,0.6,0.3,1,0.1,10,10,0.9700377229741104
2651,1.0,1.0,0.6,0.6,0.4,1,0.1,10,10,1.033660768794195
2652,1.0,1.0,0.6,0.8,0.1,1,0.1,10,10,0.8549469648106084
2653,1.0,1.0,0.6,0.8,0.2,1,0.1,10,10,0.9099532559399466
2654,1.0,1.0,0.6,0.8,0.3,1,0.1,10,10,0.9690261598168938
2655,1.0,1.0,0.6,0.8,0.4,1,0.1,10,10,1.032530800773694
2656,1.0,1.0,0.7,0.2,0.1,1,0.1,10,10,0.8141994906034598
2657,1.0,1.0,0.7,0.2,0.2,1,0.1,10,10,0.8667869558222837
2658,1.0,1.0,0.7,0.2,0.3,1,0.1,10,10,0.9233440306279828
2659,1.0,1.0,0.7,0.2,0.4,1,0.1,10,10,0.9842417896212244
2660,1.0,1.0,0.7,0.4,0.1,1,0.1,10,10,0.8132837437527444
2661,1.0,1.0,0.7,0.4,0.2,1,0.1,10,10,0.8658150753672602
2662,1.0,1.0,0.7,0.4,0.3,1,0.1,10,10,0.9222893266441768
2663,1.0,1.0,0.7,0.4,0.4,1,0.1,10,10,0.9830701832078668
2664,1.0,1.0,0.7,0.6,0.1,1,0.1,10,10,0.8123484427701748
2665,1.0,1.0,0.7,0.6,0.2,1,0.1,10,10,0.8648209599274609
2666,1.0,1.0,0.7,0.6,0.3,1,0.1,10,10,0.9212101624489684
2667,1.0,1.0,0.7,0.6,0.4,1,0.1,10,10,0.9818725935357818
2668,1.0,1.0,0.7,0.8,0.1,1,0.1,10,10,0.8113957015474127
2669,1.0,1.0,0.7,0.8,0.2,1,0.1,10,10,0.8638068536299587
2670,1.0,1.0,0.7,0.8,0.3,1,0.1,10,10,0.9201090273871716
2671,1.0,1.0,0.7,0.8,0.4,1,0.1,10,10,0.9806518968129092
2672,1.0,1.0,0.8,0.2,0.1,1,0.1,10,10,0.7716182059805343
2673,1.0,1.0,0.8,0.2,0.2,1,0.1,10,10,0.8216130097451031
2674,1.0,1.0,0.8,0.2,0.3,1,0.1,10,10,0.8753996994784381
2675,1.0,1.0,0.8,0.2,0.4,1,0.1,10,10,0.933333955453422
2676,1.0,1.0,0.8,0.4,0.1,1,0.1,10,10,0.7706374669616228
2677,1.0,1.0,0.8,0.4,0.2,1,0.1,10,10,0.8205794780292837
2678,1.0,1.0,0.8,0.4,0.3,1,0.1,10,10,0.8742870019345131
2679,1.0,1.0,0.8,0.4,0.4,1,0.1,10,10,0.9321083379932642
2680,1.0,1.0,0.8,0.6,0.1,1,0.1,10,10,0.7696321858726788
2681,1.0,1.0,0.8,0.6,0.2,1,0.1,10,10,0.8195173271569582
2682,1.0,1.0,0.8,0.6,0.3,1,0.1,10,10,0.873142053005652
2683,1.0,1.0,0.8,0.6,0.4,1,0.1,10,10,0.9308475564337204
2684,1.0,1.0,0.8,0.8,0.1,1,0.1,10,10,0.7686053966473949
2685,1.0,1.0,0.8,0.8,0.2,1,0.1,10,10,0.8184297297058085
2686,1.0,1.0,0.8,0.8,0.3,1,0.1,10,10,0.8719683167566229
2687,1.0,1.0,0.8,0.8,0.4,1,0.1,10,10,0.9295555543827604
2688,1.0,1.0,0.9,0.2,0.1,1,0.1,10,10,0.7298486119930759
2689,1.0,1.0,0.9,0.2,0.2,1,0.1,10,10,0.7772638121997706
2690,1.0,1.0,0.9,0.2,0.3,1,0.1,10,10,0.8282905888857756
2691,1.0,1.0,0.9,0.2,0.4,1,0.1,10,10,0.8832688330253637
2692,1.0,1.0,0.9,0.4,0.1,1,0.1,10,10,0.7288168396001415
2693,1.0,1.0,0.9,0.4,0.2,1,0.1,10,10,0.7761837313183824
2694,1.0,1.0,0.9,0.4,0.3,1,0.1,10,10,0.827136716905415
2695,1.0,1.0,0.9,0.4,0.4,1,0.1,10,10,0.8820084806597713
2696,1.0,1.0,0.9,0.6,0.1,1,0.1,10,10,0.7277552966958069
2697,1.0,1.0,0.9,0.6,0.2,1,0.1,10,10,0.7750680797549141
2698,1.0,1.0,0.9,0.6,0.3,1,0.1,10,10,0.8259418633776501
2699,1.0,1.0,0.9,0.6,0.4,1,0.1,10,10,0.8807024172898713
2700,1.0,1.0,0.9,0.8,0.1,1,0.1,10,10,0.7266681294328016
2701,1.0,1.0,0.9,0.8,0.2,1,0.1,10,10,0.7739211367062703
2702,1.0,1.0,0.9,0.8,0.3,1,0.1,10,10,0.8247106341324968
2703,1.0,1.0,0.9,0.8,0.4,1,0.1,10,10,0.8793558131064324
2704,1.0,1.0,1.0,0.2,0.1,1,0.1,10,10,0.6889839129523161
2705,1.0,1.0,1.0,0.2,0.2,1,0.1,10,10,0.7338415884753353
2706,1.0,1.0,1.0,0.2,0.3,1,0.1,10,10,0.7821286887114483
2707,1.0,1.0,1.0,0.2,0.4,1,0.1,10,10,0.8341689496108184
2708,1.0,1.0,1.0,0.4,0.1,1,0.1,10,10,0.6879141086650659
2709,1.0,1.0,1.0,0.4,0.2,1,0.1,10,10,0.7327286614127407
2710,1.0,1.0,1.0,0.4,0.3,1,0.1,10,10,0.7809484827047517
2711,1.0,1.0,1.0,0.4,0.4,1,0.1,10,10,0.8328904083426517
2712,1.0,1.0,1.0,0.6,0.1,1,0.1,10,10,0.6868091757412109
2713,1.0,1.0,1.0,0.6,0.2,1,0.1,10,10,0.7315727706275874
2714,1.0,1.0,1.0,0.6,0.3,1,0.1,10,10,0.7797177660226018
2715,1.0,1.0,1.0,0.6,0.4,1,0.1,10,10,0.8315543955468337
2716,1.0,1.0,1.0,0.8,0.1,1,0.1,10,10,0.6856745631524093
2717,1.0,1.0,1.0,0.8,0.2,1,0.1,10,10,0.7303794788572346
2718,1.0,1.0,1.0,0.8,0.3,1,0.1,10,10,0.7784424513752468
2719,1.0,1.0,1.0,0.8,0.4,1,0.1,10,10,0.8301674631877061
2720,1.0,1.5,0.1,0.2,0.1,1,0.1,10,10,1.0815014314497842
2721,1.0,1.5,0.1,0.2,0.2,1,0.1,10,10,1.1494717595136985
2722,1.0,1.5,0.1,0.2,0.3,1,0.1,10,10,1.2223963730700778
2723,1.0,1.5,0.1,0.2,0.4,1,0.1,10,10,1.3007311141183282
2724,1.0,1.5,0.1,0.4,0.1,1,0.1,10,10,1.0813163022329082
2725,1.0,1.5,0.1,0.4,0.2,1,0.1,10,10,1.1492656492870983
2726,1.0,1.5,0.1,0.4,0.3,1,0.1,10,10,1.2221613016109725
2727,1.0,1.5,0.1,0.4,0.4,1,0.1,10,10,1.3004570410018543
2728,1.0,1.5,0.1,0.6,0.1,1,0.1,10,10,1.081130687592587
2729,1.0,1.5,0.1,0.6,0.2,1,0.1,10,10,1.1490590694755478
2730,1.0,1.5,0.1,0.6,0.3,1,0.1,10,10,1.2219258026566946
2731,1.0,1.5,0.1,0.6,0.4,1,0.1,10,10,1.3001826190743622
2732,1.0,1.5,0.1,0.8,0.1,1,0.1,10,10,1.0809445950468335
2733,1.0,1.5,0.1,0.8,0.2,1,0.1,10,10,1.1488520290677602
2734,1.0,1.5,0.1,0.8,0.3,1,0.1,10,10,1.2216898872949322
2735,1.0,1.5,0.1,0.8,0.4,1,0.1,10,10,1.299907862293627
2736,1.0,1.5,0.2,0.2,0.1,1,0.1,10,10,1.0360018030205895
2737,1.0,1.5,0.2,0.2,0.2,1,0.1,10,10,1.1014632975679142
2738,1.0,1.5,0.2,0.2,0.3,1,0.1,10,10,1.1717260398978058
2739,1.0,1.5,0.2,0.2,0.4,1,0.1,10,10,1.2472324432975666
2740,1.0,1.5,0.2,0.4,0.1,1,0.1,10,10,1.0356507169905882
2741,1.0,1.5,0.2,0.4,0.2,1,0.1,10,10,1.1010756879274892
2742,1.0,1.5,0.2,0.4,0.3,1,0.1,10,10,1.1712875845099422
2743,1.0,1.5,0.2,0.4,0.4,1,0.1,10,10,1.246725078722987
2744,1.0,1.5,0.2,0.6,0.1,1,0.1,10,10,1.0352977450061798
2745,1.0,1.5,0.2,0.6,0.2,1,0.1,10,10,1.1006862036202096
2746,1.0,1.5,0.2,0.6,0.3,1,0.1,10,10,1.1708473586441186
2747,1.0,1.5,0.2,0.6,0.4,1,0.1,10,10,1.2462161782720034
2748,1.0,1.5,0.2,0.8,0.1,1,0.1,10,10,1.0349429454664985
2749,1.0,1.5,0.2,0.8,0.2,1,0.1,10,10,1.100294912960256
2750,1.0,1.5,0.2,0.8,0.3,1,0.1,10,10,1.1704054451018613
2751,1.0,1.5,0.2,0.8,0.4,1,0.1,10,10,1.2457058448536964
2752,1.0,1.5,0.3,0.2,0.1,1,0.1,10,10,0.9907870892515644
2753,1.0,1.5,0.3,0.2,0.2,1,0.1,10,10,1.0537109247913192
2754,1.0,1.5,0.3,0.2,0.3,1,0.1,10,10,1.121278432286775
2755,1.0,1.5,0.3,0.2,0.4,1,0.1,10,10,1.1939183950575756
2756,1.0,1.5,0.3,0.4,0.1,1,0.1,10,10,0.9902886665351636
2757,1.0,1.5,0.3,0.4,0.2,1,0.1,10,10,1.0531651895009284
2758,1.0,1.5,0.3,0.4,0.3,1,0.1,10,10,1.1206662152294984
2759,1.0,1.5,0.3,0.4,0.4,1,0.1,10,10,1.1932154600969893
2760,1.0,1.5,0.3,0.6,0.1,1,0.1,10,10,0.9897861273630538
2761,1.0,1.5,0.3,0.6,0.2,1,0.1,10,10,1.052615248837976
2762,1.0,1.5,0.3,0.6,0.3,1,0.1,10,10,1.1200498860272852
2763,1.0,1.5,0.3,0.6,0.4,1,0.1,10,10,1.1925087642987966
2764,1.0,1.5,0.3,0.8,0.1,1,0.1,10,10,0.989279662780316
2765,1.0,1.5,0.3,0.8,0.2,1,0.1,10,10,1.052061321558766
2766,1.0,1.5,0.3,0.8,0.3,1,0.1,10,10,1.1194297051196924
2767,1.0,1.5,0.3,0.8,0.4,1,0.1,10,10,1.1917986269813408
2768,1.0,1.5,0.4,0.2,0.1,1,0.1,10,10,0.9459398474268972
2769,1.0,1.5,0.4,0.2,0.2,1,0.1,10,10,1.006302559968683
2770,1.0,1.5,0.4,0.2,0.3,1,0.1,10,10,1.0711468783913825
2771,1.0,1.5,0.4,0.2,0.4,1,0.1,10,10,1.1408876925504143
2772,1.0,1.5,0.4,0.4,0.1,1,0.1,10,10,0.9453120833786014
2773,1.0,1.5,0.4,0.4,0.2,1,0.1,10,10,1.0056207715468282
2774,1.0,1.5,0.4,0.4,0.3,1,0.1,10,10,1.0703883933032008
2775,1.0,1.5,0.4,0.4,0.4,1,0.1,10,10,1.1400237747559752
2776,1.0,1.5,0.4,0.6,0.1,1,0.1,10,10,0.9446772304251724
2777,1.0,1.5,0.4,0.6,0.2,1,0.1,10,10,1.0049315404924681
2778,1.0,1.5,0.4,0.6,0.3,1,0.1,10,10,1.069622388993246
2779,1.0,1.5,0.4,0.6,0.4,1,0.1,10,10,1.1391526587097351
2780,1.0,1.5,0.4,0.8,0.1,1,0.1,10,10,0.9440357267549246
2781,1.0,1.5,0.4,0.8,0.2,1,0.1,10,10,1.0042353583041552
2782,1.0,1.5,0.4,0.8,0.3,1,0.1,10,10,1.0688494401244195
2783,1.0,1.5,0.4,0.8,0.4,1,0.1,10,10,1.1382750390146918
2784,1.0,1.5,0.5,0.2,0.1,1,0.1,10,10,0.9015464551024018
2785,1.0,1.5,0.5,0.2,0.2,1,0.1,10,10,0.9593307117823632
2786,1.0,1.5,0.5,0.2,0.3,1,0.1,10,10,1.0214301753276214
2787,1.0,1.5,0.5,0.2,0.4,1,0.1,10,10,1.0882455251278025
2788,1.0,1.5,0.5,0.4,0.1,1,0.1,10,10,0.9008066504209628
2789,1.0,1.5,0.5,0.4,0.2,1,0.1,10,10,0.9585335895439158
2790,1.0,1.5,0.5,0.4,0.3,1,0.1,10,10,1.0205507481870186
2791,1.0,1.5,0.5,0.4,0.4,1,0.1,10,10,1.0872520446848537
2792,1.0,1.5,0.5,0.6,0.1,1,0.1,10,10,0.9000561341985183
2793,1.0,1.5,0.5,0.6,0.2,1,0.1,10,10,0.9577249129740386
2794,1.0,1.5,0.5,0.6,0.3,1,0.1,10,10,1.0196592865449567
2795,1.0,1.5,0.5,0.6,0.4,1,0.1,10,10,1.0862465784491928
2796,1.0,1.5,0.5,0.8,0.1,1,0.1,10,10,0.8992957331598483
2797,1.0,1.5,0.5,0.8,0.2,1,0.1,10,10,0.9569055913332633
2798,1.0,1.5,0.5,0.8,0.3,1,0.1,10,10,1.0187568345483378
2799,1.0,1.5,0.5,0.8,0.4,1,0.1,10,10,1.0852303699761028
2800,1.0,1.5,0.6,0.2,0.1,1,0.1,10,10,0.8576963100994307
2801,1.0,1.5,0.6,0.2,0.2,1,0.1,10,10,0.9128916363319292
2802,1.0,1.5,0.6,0.2,0.3,1,0.1,10,10,0.9722317112443748
2803,1.0,1.5,0.6,0.2,0.4,1,0.1,10,10,1.0361026449893882
2804,1.0,1.5,0.6,0.4,0.1,1,0.1,10,10,0.8568610048308433
2805,1.0,1.5,0.6,0.4,0.2,1,0.1,10,10,0.9119985078883134
2806,1.0,1.5,0.6,0.4,0.3,1,0.1,10,10,0.9712544871420029
2807,1.0,1.5,0.6,0.4,0.4,1,0.1,10,10,1.0350078622427896
2808,1.0,1.5,0.6,0.6,0.1,1,0.1,10,10,0.8560108112364295
2809,1.0,1.5,0.6,0.6,0.2,1,0.1,10,10,0.9110888873280631
2810,1.0,1.5,0.6,0.6,0.3,1,0.1,10,10,0.9702595926224086
2811,1.0,1.5,0.6,0.6,0.4,1,0.1,10,10,1.0338948655983329
2812,1.0,1.5,0.6,0.8,0.1,1,0.1,10,10,0.855147106973145
2813,1.0,1.5,0.6,0.8,0.2,1,0.1,10,10,0.9101642622275312
2814,1.0,1.5,0.6,0.8,0.3,1,0.1,10,10,0.9692487061194232
2815,1.0,1.5,0.6,0.8,0.4,1,0.1,10,10,1.0327656241074932
2816,1.0,1.5,0.7,0.2,0.1,1,0.1,10,10,0.8144808848971311
2817,1.0,1.5,0.7,0.2,0.2,1,0.1,10,10,0.8670843249922002
2818,1.0,1.5,0.7,0.2,0.3,1,0.1,10,10,0.9236583901888916
2819,1.0,1.5,0.7,0.2,0.4,1,0.1,10,10,0.9845742354141712
2820,1.0,1.5,0.7,0.4,0.1,1,0.1,10,10,0.8135657975952415
2821,1.0,1.5,0.7,0.4,0.2,1,0.1,10,10,0.8661131020496644
2822,1.0,1.5,0.7,0.4,0.3,1,0.1,10,10,0.922604346541716
2823,1.0,1.5,0.7,0.4,0.4,1,0.1,10,10,0.9834033005718265
2824,1.0,1.5,0.7,0.6,0.1,1,0.1,10,10,0.8126311914917802
2825,1.0,1.5,0.7,0.6,0.2,1,0.1,10,10,0.8651196900137886
2826,1.0,1.5,0.7,0.6,0.3,1,0.1,10,10,0.921525898817167
2827,1.0,1.5,0.7,0.6,0.4,1,0.1,10,10,0.9822064481914782
2828,1.0,1.5,0.7,0.8,0.1,1,0.1,10,10,0.8116791727136072
2829,1.0,1.5,0.7,0.8,0.2,1,0.1,10,10,0.8641063249899996
2830,1.0,1.5,0.7,0.8,0.3,1,0.1,10,10,0.9204255277770844
2831,1.0,1.5,0.7,0.8,0.4,1,0.1,10,10,0.9809865449627548
2832,1.0,1.5,0.8,0.2,0.1,1,0.1,10,10,0.7719926483403593
2833,1.0,1.5,0.8,0.2,0.2,1,0.1,10,10,0.8220093353054249
2834,1.0,1.5,0.8,0.2,0.3,1,0.1,10,10,0.8758193716187951
2835,1.0,1.5,0.8,0.2,0.4,1,0.1,10,10,0.9337785607459378
2836,1.0,1.5,0.8,0.4,0.1,1,0.1,10,10,0.7710126216081084
2837,1.0,1.5,0.8,0.4,0.2,1,0.1,10,10,0.8209765041641863
2838,1.0,1.5,0.8,0.4,0.3,1,0.1,10,10,0.8747073574929909
2839,1.0,1.5,0.8,0.4,0.4,1,0.1,10,10,0.9325536049092488
2840,1.0,1.5,0.8,0.6,0.1,1,0.1,10,10,0.7700080964843403
2841,1.0,1.5,0.8,0.6,0.2,1,0.1,10,10,0.8199151144214983
2842,1.0,1.5,0.8,0.6,0.3,1,0.1,10,10,0.8735631692310317
2843,1.0,1.5,0.8,0.6,0.4,1,0.1,10,10,0.931293578359022
2844,1.0,1.5,0.8,0.8,0.1,1,0.1,10,10,0.7689820944868496
2845,1.0,1.5,0.8,0.8,0.2,1,0.1,10,10,0.8188283259394956
2846,1.0,1.5,0.8,0.8,0.3,1,0.1,10,10,0.8723902574776308
2847,1.0,1.5,0.8,0.8,0.4,1,0.1,10,10,0.9300024100898768
2848,1.0,1.5,0.9,0.2,0.1,1,0.1,10,10,0.730323874938807
2849,1.0,1.5,0.9,0.2,0.2,1,0.1,10,10,0.7777674861918291
2850,1.0,1.5,0.9,0.2,0.3,1,0.1,10,10,0.8288246464141744
2851,1.0,1.5,0.9,0.2,0.4,1,0.1,10,10,0.8838354199011971
2852,1.0,1.5,0.9,0.4,0.1,1,0.1,10,10,0.7292928284794459
2853,1.0,1.5,0.9,0.4,0.2,1,0.1,10,10,0.7766881128818405
2854,1.0,1.5,0.9,0.4,0.3,1,0.1,10,10,0.8276714466285978
2855,1.0,1.5,0.9,0.4,0.4,1,0.1,10,10,0.8825756848545625
2856,1.0,1.5,0.9,0.6,0.1,1,0.1,10,10,0.7282320628425614
2857,1.0,1.5,0.9,0.6,0.2,1,0.1,10,10,0.7755732453594165
2858,1.0,1.5,0.9,0.6,0.3,1,0.1,10,10,0.8264773670594278
2859,1.0,1.5,0.9,0.6,0.4,1,0.1,10,10,0.8812703656567863
2860,1.0,1.5,0.9,0.8,0.1,1,0.1,10,10,0.7271457056342374
2861,1.0,1.5,0.9,0.8,0.2,1,0.1,10,10,0.7744271438869783
2862,1.0,1.5,0.9,0.8,0.3,1,0.1,10,10,0.8252469937065452
2863,1.0,1.5,0.9,0.8,0.4,1,0.1,10,10,0.8799246111724506
2864,1.0,1.5,1.0,0.2,0.1,1,0.1,10,10,0.6895653694025197
2865,1.0,1.5,1.0,0.2,0.2,1,0.1,10,10,0.7344584472903206
2866,1.0,1.5,1.0,0.2,0.3,1,0.1,10,10,0.7827834813485959
2867,1.0,1.5,1.0,0.2,0.4,1,0.1,10,10,0.8348644371173691
2868,1.0,1.5,1.0,0.4,0.1,1,0.1,10,10,0.6884962616084938
2869,1.0,1.5,1.0,0.4,0.2,1,0.1,10,10,0.7333461968114177
2870,1.0,1.5,1.0,0.4,0.3,1,0.1,10,10,0.7816039030739341
2871,1.0,1.5,1.0,0.4,0.4,1,0.1,10,10,0.8335864396522648
2872,1.0,1.5,1.0,0.6,0.1,1,0.1,10,10,0.6873920826609181
2873,1.0,1.5,1.0,0.6,0.2,1,0.1,10,10,0.7321910753209031
2874,1.0,1.5,1.0,0.6,0.3,1,0.1,10,10,0.7803739427880744
2875,1.0,1.5,1.0,0.6,0.4,1,0.1,10,10,0.8322511357024573
2876,1.0,1.5,1.0,0.8,0.1,1,0.1,10,10,0.6862582552967995
2877,1.0,1.5,1.0,0.8,0.2,1,0.1,10,10,0.730998618746374
2878,1.0,1.5,1.0,0.8,0.3,1,0.1,10,10,0.7790994851582917
2879,1.0,1.5,1.0,0.8,0.4,1,0.1,10,10,0.8308650472719439
2880,1.0,2.0,0.1,0.2,0.1,1,0.1,10,10,1.081490256429266
2881,1.0,2.0,0.1,0.2,0.2,1,0.1,10,10,1.1494595605423608
2882,1.0,2.0,0.1,0.2,0.3,1,0.1,10,10,1.222383037889988
2883,1.0,2.0,0.1,0.2,0.4,1,0.1,10,10,1.3007165159224992
2884,1.0,2.0,0.1,0.4,0.1,1,0.1,10,10,1.0813051695685585
2885,1.0,2.0,0.1,0.4,0.2,1,0.1,10,10,1.149253507872537
2886,1.0,2.0,0.1,0.4,0.3,1,0.1,10,10,1.222148050901891
2887,1.0,2.0,0.1,0.4,0.4,1,0.1,10,10,1.3004425692306152
2888,1.0,2.0,0.1,0.6,0.1,1,0.1,10,10,1.0811195983233621
2889,1.0,2.0,0.1,0.6,0.2,1,0.1,10,10,1.149046986770612
2890,1.0,2.0,0.1,0.6,0.3,1,0.1,10,10,1.221912637728613
2891,1.0,2.0,0.1,0.6,0.4,1,0.1,10,10,1.3001682752424677
2892,1.0,2.0,0.1,0.8,0.1,1,0.1,10,10,1.0809335502059916
2893,1.0,2.0,0.1,0.8,0.2,1,0.1,10,10,1.148840006217142
2894,1.0,2.0,0.1,0.8,0.3,1,0.1,10,10,1.2216768094457713
2895,1.0,2.0,0.1,0.8,0.4,1,0.1,10,10,1.2998936478979402
2896,1.0,2.0,0.2,0.2,0.1,1,0.1,10,10,1.036001755672038
2897,1.0,2.0,0.2,0.2,0.2,1,0.1,10,10,1.1014625140518737
2898,1.0,2.0,0.2,0.2,0.3,1,0.1,10,10,1.1717243869368372
2899,1.0,2.0,0.2,0.2,0.4,1,0.1,10,10,1.2472297672393975
2900,1.0,2.0,0.2,0.4,0.1,1,0.1,10,10,1.035650814167783
2901,1.0,2.0,0.2,0.4,0.2,1,0.1,10,10,1.1010750755003096
2902,1.0,2.0,0.2,0.4,0.3,1,0.1,10,10,1.1712861502571714
2903,1.0,2.0,0.2,0.4,0.4,1,0.1,10,10,1.2467226962709124
2904,1.0,2.0,0.2,0.6,0.1,1,0.1,10,10,1.0352979909078632
2905,1.0,2.0,0.2,0.6,0.2,1,0.1,10,10,1.1006857668740928
2906,1.0,2.0,0.2,0.6,0.3,1,0.1,10,10,1.1708461481747323
2907,1.0,2.0,0.2,0.6,0.4,1,0.1,10,10,1.2462140950692286
2908,1.0,2.0,0.2,0.8,0.1,1,0.1,10,10,1.0349433442045903
2909,1.0,2.0,0.2,0.8,0.2,1,0.1,10,10,1.1002946563804263
2910,1.0,2.0,0.2,0.8,0.3,1,0.1,10,10,1.1704044633517268
2911,1.0,2.0,0.2,0.8,0.4,1,0.1,10,10,1.2457040663559045
2912,1.0,2.0,0.3,0.2,0.1,1,0.1,10,10,0.9908199688515408
2913,1.0,2.0,0.3,0.2,0.2,1,0.1,10,10,1.053744693655072
2914,1.0,2.0,0.3,0.2,0.3,1,0.1,10,10,1.1213130333941352
2915,1.0,2.0,0.3,0.2,0.4,1,0.1,10,10,1.1939537544583754
2916,1.0,2.0,0.3,0.4,0.1,1,0.1,10,10,0.990321831329789
2917,1.0,2.0,0.3,0.4,0.2,1,0.1,10,10,1.0531992754568562
2918,1.0,2.0,0.3,0.4,0.3,1,0.1,10,10,1.1207011922211667
2919,1.0,2.0,0.3,0.4,0.4,1,0.1,10,10,1.1932512893912302
2920,1.0,2.0,0.3,0.6,0.1,1,0.1,10,10,0.9898195868270128
2921,1.0,2.0,0.3,0.6,0.2,1,0.1,10,10,1.0526496623023016
2922,1.0,2.0,0.3,0.6,0.3,1,0.1,10,10,1.1200852503257197
2923,1.0,2.0,0.3,0.6,0.4,1,0.1,10,10,1.1925450759337897
2924,1.0,2.0,0.3,0.8,0.1,1,0.1,10,10,0.9893134259684528
2925,1.0,2.0,0.3,0.8,0.2,1,0.1,10,10,1.0520960724642532
2926,1.0,2.0,0.3,0.8,0.3,1,0.1,10,10,1.1194654675587905
2927,1.0,2.0,0.3,0.8,0.4,1,0.1,10,10,1.191835432657322
2928,1.0,2.0,0.4,0.2,0.1,1,0.1,10,10,0.9460265256676164
2929,1.0,2.0,0.4,0.2,0.2,1,0.1,10,10,1.0063930870771804
2930,1.0,2.0,0.4,0.2,0.3,1,0.1,10,10,1.071241375190155
2931,1.0,2.0,0.4,0.2,0.4,1,0.1,10,10,1.140986276178929
2932,1.0,2.0,0.4,0.4,0.1,1,0.1,10,10,0.9453992058052982
2933,1.0,2.0,0.4,0.4,0.2,1,0.1,10,10,1.0057117733304817
2934,1.0,2.0,0.4,0.4,0.3,1,0.1,10,10,1.0704834238219147
2935,1.0,2.0,0.4,0.4,0.4,1,0.1,10,10,1.140122989069699
2936,1.0,2.0,0.4,0.6,0.1,1,0.1,10,10,0.944764813791179
2937,1.0,2.0,0.4,0.6,0.2,1,0.1,10,10,1.0050230357826708
2938,1.0,2.0,0.4,0.6,0.3,1,0.1,10,10,1.0697179740981897
2939,1.0,2.0,0.4,0.6,0.4,1,0.1,10,10,1.1392525264431248
2940,1.0,2.0,0.4,0.8,0.1,1,0.1,10,10,0.9441237865497418
2941,1.0,2.0,0.4,0.8,0.2,1,0.1,10,10,1.0043273645373303
2942,1.0,2.0,0.4,0.8,0.3,1,0.1,10,10,1.0689455990601278
2943,1.0,2.0,0.4,0.8,0.4,1,0.1,10,10,1.1383755809317104
2944,1.0,2.0,0.5,0.2,0.1,1,0.1,10,10,0.9017064463188682
2945,1.0,2.0,0.5,0.2,0.2,1,0.1,10,10,0.9594988097170816
2946,1.0,2.0,0.5,0.2,0.3,1,0.1,10,10,1.0216067822518573
2947,1.0,2.0,0.5,0.2,0.4,1,0.1,10,10,1.0884310631245784
2948,1.0,2.0,0.5,0.4,0.1,1,0.1,10,10,0.9009672445959258
2949,1.0,2.0,0.5,0.4,0.2,1,0.1,10,10,0.9587023133660076
2950,1.0,2.0,0.5,0.4,0.3,1,0.1,10,10,1.0207280297515264
2951,1.0,2.0,0.5,0.4,0.4,1,0.1,10,10,1.0874383411025463
2952,1.0,2.0,0.5,0.6,0.1,1,0.1,10,10,0.9002173571238826
2953,1.0,2.0,0.5,0.6,0.2,1,0.1,10,10,0.9578942927420284
2954,1.0,2.0,0.5,0.6,0.3,1,0.1,10,10,1.0198372768794208
2955,1.0,2.0,0.5,0.6,0.4,1,0.1,10,10,1.0864336710667108
2956,1.0,2.0,0.5,0.8,0.1,1,0.1,10,10,0.8994576076991838
2957,1.0,2.0,0.5,0.8,0.2,1,0.1,10,10,0.9570756539687322
2958,1.0,2.0,0.5,0.8,0.3,1,0.1,10,10,1.0189355642604696
2959,1.0,2.0,0.5,0.8,0.4,1,0.1,10,10,1.0854182924425522
2960,1.0,2.0,0.6,0.2,0.1,1,0.1,10,10,0.8579473514475522
2961,1.0,2.0,0.6,0.2,0.2,1,0.1,10,10,0.9131562701095344
2962,1.0,2.0,0.6,0.2,0.3,1,0.1,10,10,0.9725107240038078
2963,1.0,2.0,0.6,0.2,0.4,1,0.1,10,10,1.0363968771154657
2964,1.0,2.0,0.6,0.4,0.1,1,0.1,10,10,0.8571127912392991
2965,1.0,2.0,0.6,0.4,0.2,1,0.1,10,10,0.9122638976090902
2966,1.0,2.0,0.6,0.4,0.3,1,0.1,10,10,0.9715342856294452
2967,1.0,2.0,0.6,0.4,0.4,1,0.1,10,10,1.035302936596014
2968,1.0,2.0,0.6,0.6,0.1,1,0.1,10,10,0.8562633788991182
2969,1.0,2.0,0.6,0.6,0.2,1,0.1,10,10,0.9113550772147456
2970,1.0,2.0,0.6,0.6,0.3,1,0.1,10,10,0.9705402287683124
2971,1.0,2.0,0.6,0.6,0.4,1,0.1,10,10,1.0341908411612146
2972,1.0,2.0,0.6,0.8,0.1,1,0.1,10,10,0.8554004863405721
2973,1.0,2.0,0.6,0.8,0.2,1,0.1,10,10,0.9104312904824152
2974,1.0,2.0,0.6,0.8,0.3,1,0.1,10,10,0.9695302252755992
2975,1.0,2.0,0.6,0.8,0.4,1,0.1,10,10,1.0330625523744683
2976,1.0,2.0,0.7,0.2,0.1,1,0.1,10,10,0.8148385426647683
2977,1.0,2.0,0.7,0.2,0.2,1,0.1,10,10,0.8674621834151593
2978,1.0,2.0,0.7,0.2,0.3,1,0.1,10,10,0.9240577189067402
2979,1.0,2.0,0.7,0.2,0.4,1,0.1,10,10,0.9849964024672632
2980,1.0,2.0,0.7,0.4,0.1,1,0.1,10,10,0.8139243118754228
2981,1.0,2.0,0.7,0.4,0.2,1,0.1,10,10,0.8664918137711647
2982,1.0,2.0,0.7,0.4,0.3,1,0.1,10,10,0.9230045337103552
2983,1.0,2.0,0.7,0.4,0.4,1,0.1,10,10,0.9838263448659632
2984,1.0,2.0,0.7,0.6,0.1,1,0.1,10,10,0.8129906096786427
2985,1.0,2.0,0.7,0.6,0.2,1,0.1,10,10,0.8654993162692538
2986,1.0,2.0,0.7,0.6,0.3,1,0.1,10,10,0.9219270191815008
2987,1.0,2.0,0.7,0.6,0.4,1,0.1,10,10,0.9826304572261588
2988,1.0,2.0,0.7,0.8,0.1,1,0.1,10,10,0.8120395321825242
2989,1.0,2.0,0.7,0.8,0.2,1,0.1,10,10,0.8644869166696935
2990,1.0,2.0,0.7,0.8,0.3,1,0.1,10,10,0.9208276450066948
2991,1.0,2.0,0.7,0.8,0.4,1,0.1,10,10,0.9814115939340136
2992,1.0,2.0,0.8,0.2,0.1,1,0.1,10,10,0.7724699666215475
2993,1.0,2.0,0.8,0.2,0.2,1,0.1,10,10,0.8225144457274549
2994,1.0,2.0,0.8,0.2,0.3,1,0.1,10,10,0.876354118207023
2995,1.0,2.0,0.8,0.2,0.4,1,0.1,10,10,0.9343449407248651
2996,1.0,2.0,0.8,0.4,0.1,1,0.1,10,10,0.7714908659883923
2997,1.0,2.0,0.8,0.4,0.2,1,0.1,10,10,0.8214825242012224
2998,1.0,2.0,0.8,0.4,0.3,1,0.1,10,10,0.8752429922809006
2999,1.0,2.0,0.8,0.4,0.4,1,0.1,10,10,0.9331208485036584
3000,1.0,2.0,0.8,0.6,0.1,1,0.1,10,10,0.7704873256172099
3001,1.0,2.0,0.8,0.6,0.2,1,0.1,10,10,0.8204221247781079
3002,1.0,2.0,0.8,0.6,0.3,1,0.1,10,10,0.8740997948282713
3003,1.0,2.0,0.8,0.6,0.4,1,0.1,10,10,0.9318618094709308
3004,1.0,2.0,0.8,0.8,0.1,1,0.1,10,10,0.7694623510040014
3005,1.0,2.0,0.8,0.8,0.2,1,0.1,10,10,0.8193363909277815
3006,1.0,2.0,0.8,0.8,0.3,1,0.1,10,10,0.8729279591934814
3007,1.0,2.0,0.8,0.8,0.4,1,0.1,10,10,0.9305717337606216
3008,1.0,2.0,0.9,0.2,0.1,1,0.1,10,10,0.7309310832795157
3009,1.0,2.0,0.9,0.2,0.2,1,0.1,10,10,0.7784108910712798
3010,1.0,2.0,0.9,0.2,0.3,1,0.1,10,10,0.8295067464557067
3011,1.0,2.0,0.9,0.2,0.4,1,0.1,10,10,0.8845589312332792
3012,1.0,2.0,0.9,0.4,0.1,1,0.1,10,10,0.7299009823804286
3013,1.0,2.0,0.9,0.4,0.2,1,0.1,10,10,0.7773324373699461
3014,1.0,2.0,0.9,0.4,0.3,1,0.1,10,10,0.8283544203717449
3015,1.0,2.0,0.9,0.4,0.4,1,0.1,10,10,0.8833000015668546
3016,1.0,2.0,0.9,0.6,0.1,1,0.1,10,10,0.7288412313705279
3017,1.0,2.0,0.9,0.6,0.2,1,0.1,10,10,0.7762185913164377
3018,1.0,2.0,0.9,0.6,0.3,1,0.1,10,10,0.8271613494521093
3019,1.0,2.0,0.9,0.6,0.4,1,0.1,10,10,0.8819956556351152
3020,1.0,2.0,0.9,0.8,0.1,1,0.1,10,10,0.7277559339112334
3021,1.0,2.0,0.9,0.8,0.2,1,0.1,10,10,0.7750735887663176
3022,1.0,2.0,0.9,0.8,0.3,1,0.1,10,10,0.8259320941514747
3023,1.0,2.0,0.9,0.8,0.4,1,0.1,10,10,0.8806510148135299
3024,1.0,2.0,1.0,0.2,0.1,1,0.1,10,10,0.690309660488435
3025,1.0,2.0,1.0,0.2,0.2,1,0.1,10,10,0.735247955954009
3026,1.0,2.0,1.0,0.2,0.3,1,0.1,10,10,0.7836214263388538
3027,1.0,2.0,1.0,0.2,0.4,1,0.1,10,10,0.8357543274519281
3028,1.0,2.0,1.0,0.4,0.1,1,0.1,10,10,0.6892414623176045
3029,1.0,2.0,1.0,0.4,0.2,1,0.1,10,10,0.7341365861446367
3030,1.0,2.0,1.0,0.4,0.3,1,0.1,10,10,0.7824426642065027
3031,1.0,2.0,1.0,0.4,0.4,1,0.1,10,10,0.8344770389657132
3032,1.0,2.0,1.0,0.6,0.1,1,0.1,10,10,0.6881382706117434
3033,1.0,2.0,1.0,0.6,0.2,1,0.1,10,10,0.7329824688415272
3034,1.0,2.0,1.0,0.6,0.3,1,0.1,10,10,0.7812136905022324
3035,1.0,2.0,1.0,0.6,0.4,1,0.1,10,10,0.833142662036496
3036,1.0,2.0,1.0,0.8,0.1,1,0.1,10,10,0.6870054742703969
3037,1.0,2.0,1.0,0.8,0.2,1,0.1,10,10,0.7317911054036917
3038,1.0,2.0,1.0,0.8,0.3,1,0.1,10,10,0.7799403538228693
3039,1.0,2.0,1.0,0.8,0.4,1,0.1,10,10,0.8317576801243906
3040,1.0,2.5,0.1,0.2,0.1,1,0.1,10,10,1.081475741997325
3041,1.0,2.5,0.1,0.2,0.2,1,0.1,10,10,1.1494437423162636
3042,1.0,2.5,0.1,0.2,0.3,1,0.1,10,10,1.2223657746528729
3043,1.0,2.5,0.1,0.2,0.4,1,0.1,10,10,1.3006976482350143
3044,1.0,2.5,0.1,0.4,0.1,1,0.1,10,10,1.0812907047957845
3045,1.0,2.5,0.1,0.4,0.2,1,0.1,10,10,1.1492377578554889
3046,1.0,2.5,0.1,0.4,0.3,1,0.1,10,10,1.2221308888267537
3047,1.0,2.5,0.1,0.4,0.4,1,0.1,10,10,1.300423854148075
3048,1.0,2.5,0.1,0.6,0.1,1,0.1,10,10,1.0811051844843338
3049,1.0,2.5,0.1,0.6,0.2,1,0.1,10,10,1.1490313063789912
3050,1.0,2.5,0.1,0.6,0.3,1,0.1,10,10,1.2218955784281178
3051,1.0,2.5,0.1,0.6,0.4,1,0.1,10,10,1.3001497146340883
3052,1.0,2.5,0.1,0.8,0.1,1,0.1,10,10,1.0809191885686784
3053,1.0,2.5,0.1,0.8,0.2,1,0.1,10,10,1.1488243968577267
3054,1.0,2.5,0.1,0.8,0.3,1,0.1,10,10,1.2216598545182449
3055,1.0,2.5,0.1,0.8,0.4,1,0.1,10,10,1.2998752436115335
3056,1.0,2.5,0.2,0.2,0.1,1,0.1,10,10,1.03599871940751
3057,1.0,2.5,0.2,0.2,0.2,1,0.1,10,10,1.1014584004709236
3058,1.0,2.5,0.2,0.2,0.3,1,0.1,10,10,1.1717190201196397
3059,1.0,2.5,0.2,0.2,0.4,1,0.1,10,10,1.247222945003936
3060,1.0,2.5,0.2,0.4,0.1,1,0.1,10,10,1.0356479467801607
3061,1.0,2.5,0.2,0.4,0.2,1,0.1,10,10,1.1010711630250307
3062,1.0,2.5,0.2,0.4,0.3,1,0.1,10,10,1.1712810426979452
3063,1.0,2.5,0.2,0.4,0.4,1,0.1,10,10,1.2467162250189467
3064,1.0,2.5,0.2,0.6,0.1,1,0.1,10,10,1.0352952975335121
3065,1.0,2.5,0.2,0.6,0.2,1,0.1,10,10,1.1006820611328187
3066,1.0,2.5,0.2,0.6,0.3,1,0.1,10,10,1.170841306113418
3067,1.0,2.5,0.2,0.6,0.4,1,0.1,10,10,1.2462079817692635
3068,1.0,2.5,0.2,0.8,0.1,1,0.1,10,10,1.0349408298790286
3069,1.0,2.5,0.2,0.8,0.2,1,0.1,10,10,1.1002911628765142
3070,1.0,2.5,0.2,0.8,0.3,1,0.1,10,10,1.1703998928644102
3071,1.0,2.5,0.2,0.8,0.4,1,0.1,10,10,1.2456983177544452
3072,1.0,2.5,0.3,0.2,0.1,1,0.1,10,10,0.9908537752075278
3073,1.0,2.5,0.3,0.2,0.2,1,0.1,10,10,1.0537792070223124
3074,1.0,2.5,0.3,0.2,0.3,1,0.1,10,10,1.1213481565196124
3075,1.0,2.5,0.3,0.2,0.4,1,0.1,10,10,1.1939893665922148
3076,1.0,2.5,0.3,0.4,0.1,1,0.1,10,10,0.9903559705029564
3077,1.0,2.5,0.3,0.4,0.2,1,0.1,10,10,1.0532341601802258
3078,1.0,2.5,0.3,0.4,0.3,1,0.1,10,10,1.1207367584967756
3079,1.0,2.5,0.3,0.4,0.4,1,0.1,10,10,1.1932874599860137
3080,1.0,2.5,0.3,0.6,0.1,1,0.1,10,10,0.9898540703814496
3081,1.0,2.5,0.3,0.6,0.2,1,0.1,10,10,1.0526849311123816
3082,1.0,2.5,0.3,0.6,0.3,1,0.1,10,10,1.1201212737561952
3083,1.0,2.5,0.3,0.6,0.4,1,0.1,10,10,1.1925818203277907
3084,1.0,2.5,0.3,0.8,0.1,1,0.1,10,10,0.9893482649809708
3085,1.0,2.5,0.3,0.8,0.2,1,0.1,10,10,1.0521317375287085
3086,1.0,2.5,0.3,0.8,0.3,1,0.1,10,10,1.11950196146031
3087,1.0,2.5,0.3,0.8,0.4,1,0.1,10,10,1.191872765310063
3088,1.0,2.5,0.4,0.2,0.1,1,0.1,10,10,0.9461214389346039
3089,1.0,2.5,0.4,0.2,0.2,1,0.1,10,10,1.0064920440107543
3090,1.0,2.5,0.4,0.2,0.3,1,0.1,10,10,1.0713444754751271
3091,1.0,2.5,0.4,0.2,0.4,1,0.1,10,10,1.1410936101798357
3092,1.0,2.5,0.4,0.4,0.1,1,0.1,10,10,0.9454946371473324
3093,1.0,2.5,0.4,0.4,0.2,1,0.1,10,10,1.0058112850368464
3094,1.0,2.5,0.4,0.4,0.3,1,0.1,10,10,1.0705871512047296
3095,1.0,2.5,0.4,0.4,0.4,1,0.1,10,10,1.1402310697418974
3096,1.0,2.5,0.4,0.6,0.1,1,0.1,10,10,0.94486078362136
3097,1.0,2.5,0.4,0.6,0.2,1,0.1,10,10,1.0051231252084982
3098,1.0,2.5,0.4,0.6,0.3,1,0.1,10,10,1.0698223540624978
3099,1.0,2.5,0.4,0.6,0.4,1,0.1,10,10,1.139361381675763
3100,1.0,2.5,0.4,0.8,0.1,1,0.1,10,10,0.944220313815605
3101,1.0,2.5,0.4,0.8,0.2,1,0.1,10,10,1.0044280530088487
3102,1.0,2.5,0.4,0.8,0.3,1,0.1,10,10,1.069050655199253
3103,1.0,2.5,0.4,0.8,0.4,1,0.1,10,10,1.1384852363067066
3104,1.0,2.5,0.5,0.2,0.1,1,0.1,10,10,0.9018851541095956
3105,1.0,2.5,0.5,0.2,0.2,1,0.1,10,10,0.9596864082345208
3106,1.0,2.5,0.5,0.2,0.3,1,0.1,10,10,1.0218036887224446
3107,1.0,2.5,0.5,0.2,0.4,1,0.1,10,10,1.0886377115630683
3108,1.0,2.5,0.5,0.4,0.1,1,0.1,10,10,0.901146655608746
3109,1.0,2.5,0.5,0.4,0.2,1,0.1,10,10,0.9588906425380678
3110,1.0,2.5,0.5,0.4,0.3,1,0.1,10,10,1.0209257271090624
3111,1.0,2.5,0.5,0.4,0.4,1,0.1,10,10,1.087645885019252
3112,1.0,2.5,0.5,0.6,0.1,1,0.1,10,10,0.9003975027499754
3113,1.0,2.5,0.5,0.6,0.2,1,0.1,10,10,0.9580833890876946
3114,1.0,2.5,0.5,0.6,0.3,1,0.1,10,10,1.0200358066210224
3115,1.0,2.5,0.5,0.6,0.4,1,0.1,10,10,1.0866421565364757
3116,1.0,2.5,0.5,0.8,0.1,1,0.1,10,10,0.8996385159368302
3117,1.0,2.5,0.5,0.8,0.2,1,0.1,10,10,0.9572655503696004
3118,1.0,2.5,0.5,0.8,0.3,1,0.1,10,10,1.0191349637895435
3119,1.0,2.5,0.5,0.8,0.4,1,0.1,10,10,1.0856277607219094
3120,1.0,2.5,0.6,0.2,0.1,1,0.1,10,10,0.8582305012385738
3121,1.0,2.5,0.6,0.2,0.2,1,0.1,10,10,0.9134545876005148
3122,1.0,2.5,0.6,0.2,0.3,1,0.1,10,10,0.972825063791948
3123,1.0,2.5,0.6,0.2,0.4,1,0.1,10,10,1.0367281489617115
3124,1.0,2.5,0.6,0.4,0.1,1,0.1,10,10,0.8573968103272683
3125,1.0,2.5,0.6,0.4,0.2,1,0.1,10,10,0.9125630971131072
3126,1.0,2.5,0.6,0.4,0.3,1,0.1,10,10,0.9718495451499498
3127,1.0,2.5,0.6,0.4,0.4,1,0.1,10,10,1.035635200944044
3128,1.0,2.5,0.6,0.6,0.1,1,0.1,10,10,0.8565483113148843
3129,1.0,2.5,0.6,0.6,0.2,1,0.1,10,10,0.9116552123196426
3130,1.0,2.5,0.6,0.6,0.3,1,0.1,10,10,0.970856470893232
3131,1.0,2.5,0.6,0.6,0.4,1,0.1,10,10,1.0345241695223584
3132,1.0,2.5,0.6,0.8,0.1,1,0.1,10,10,0.8556863694585589
3133,1.0,2.5,0.6,0.8,0.2,1,0.1,10,10,0.9107324077986816
3134,1.0,2.5,0.6,0.8,0.3,1,0.1,10,10,0.9698475052411232
3135,1.0,2.5,0.6,0.8,0.4,1,0.1,10,10,1.0333970075426933
3136,1.0,2.5,0.7,0.2,0.1,1,0.1,10,10,0.8152443082061506
3137,1.0,2.5,0.7,0.2,0.2,1,0.1,10,10,0.8678907039872744
3138,1.0,2.5,0.7,0.2,0.3,1,0.1,10,10,0.9245104018010988
3139,1.0,2.5,0.7,0.2,0.4,1,0.1,10,10,0.9854747608284372
3140,1.0,2.5,0.7,0.4,0.1,1,0.1,10,10,0.8143310776231453
3141,1.0,2.5,0.7,0.4,0.2,1,0.1,10,10,0.8669213299418309
3142,1.0,2.5,0.7,0.4,0.3,1,0.1,10,10,0.9234582205158928
3143,1.0,2.5,0.7,0.4,0.4,1,0.1,10,10,0.9843057355433988
3144,1.0,2.5,0.7,0.6,0.1,1,0.1,10,10,0.8133984333063214
3145,1.0,2.5,0.7,0.6,0.2,1,0.1,10,10,0.8659299020791267
3146,1.0,2.5,0.7,0.6,0.3,1,0.1,10,10,0.9223818000443806
3147,1.0,2.5,0.7,0.6,0.4,1,0.1,10,10,0.9831109857381344
3148,1.0,2.5,0.7,0.8,0.1,1,0.1,10,10,0.8124484597556133
3149,1.0,2.5,0.7,0.8,0.2,1,0.1,10,10,0.8649186341798915
3150,1.0,2.5,0.7,0.8,0.3,1,0.1,10,10,0.9212835972370446
3151,1.0,2.5,0.7,0.8,0.4,1,0.1,10,10,0.9818933515064476
3152,1.0,2.5,0.8,0.2,0.1,1,0.1,10,10,0.7730136608970384
3153,1.0,2.5,0.8,0.2,0.2,1,0.1,10,10,0.8230896352533292
3154,1.0,2.5,0.8,0.2,0.3,1,0.1,10,10,0.8769628694435782
3155,1.0,2.5,0.8,0.2,0.4,1,0.1,10,10,0.9349894897837452
3156,1.0,2.5,0.8,0.4,0.1,1,0.1,10,10,0.772035643304619
3157,1.0,2.5,0.8,0.4,0.2,1,0.1,10,10,0.8220587756327121
3158,1.0,2.5,0.8,0.4,0.3,1,0.1,10,10,0.8758527817098123
3159,1.0,2.5,0.8,0.4,0.4,1,0.1,10,10,0.9337664127951024
3160,1.0,2.5,0.8,0.6,0.1,1,0.1,10,10,0.7710332574308191
3161,1.0,2.5,0.8,0.6,0.2,1,0.1,10,10,0.8209995355291226
3162,1.0,2.5,0.8,0.6,0.3,1,0.1,10,10,0.8747107458111065
3163,1.0,2.5,0.8,0.6,0.4,1,0.1,10,10,0.9325085377553396
3164,1.0,2.5,0.8,0.8,0.1,1,0.1,10,10,0.7700094917874427
3165,1.0,2.5,0.8,0.8,0.2,1,0.1,10,10,0.8199150394502627
3166,1.0,2.5,0.8,0.8,0.3,1,0.1,10,10,0.873540175822195
3167,1.0,2.5,0.8,0.8,0.4,1,0.1,10,10,0.9312197529289914
3168,1.0,2.5,0.9,0.2,0.1,1,0.1,10,10,0.7316248384785917
3169,1.0,2.5,0.9,0.2,0.2,1,0.1,10,10,0.7791458419291193
3170,1.0,2.5,0.9,0.2,0.3,1,0.1,10,10,0.8302857120797874
3171,1.0,2.5,0.9,0.2,0.4,1,0.1,10,10,0.8853849770640841
3172,1.0,2.5,0.9,0.4,0.1,1,0.1,10,10,0.7305958458708838
3173,1.0,2.5,0.9,0.4,0.2,1,0.1,10,10,0.7780684631767982
3174,1.0,2.5,0.9,0.4,0.3,1,0.1,10,10,0.8291344073205279
3175,1.0,2.5,0.9,0.4,0.4,1,0.1,10,10,0.884126993430928
3176,1.0,2.5,0.9,0.6,0.1,1,0.1,10,10,0.7295372874563468
3177,1.0,2.5,0.9,0.6,0.2,1,0.1,10,10,0.7769558149552587
3178,1.0,2.5,0.9,0.6,0.3,1,0.1,10,10,0.8279425222589684
3179,1.0,2.5,0.9,0.6,0.4,1,0.1,10,10,0.8828237956293483
3180,1.0,2.5,0.9,0.8,0.1,1,0.1,10,10,0.7284532391016528
3181,1.0,2.5,0.9,0.8,0.2,1,0.1,10,10,0.7758121048349497
3182,1.0,2.5,0.9,0.8,0.3,1,0.1,10,10,0.8267145827986901
3183,1.0,2.5,0.9,0.8,0.4,1,0.1,10,10,0.8814804710242916
3184,1.0,2.5,1.0,0.2,0.1,1,0.1,10,10,0.6911621813386962
3185,1.0,2.5,1.0,0.2,0.2,1,0.1,10,10,0.7361521111246813
3186,1.0,2.5,1.0,0.2,0.3,1,0.1,10,10,0.7845808696531349
3187,1.0,2.5,1.0,0.2,0.4,1,0.1,10,10,0.8367730345393424
3188,1.0,2.5,1.0,0.4,0.1,1,0.1,10,10,0.69009505299218
3189,1.0,2.5,1.0,0.4,0.2,1,0.1,10,10,0.7350417731687923
3190,1.0,2.5,1.0,0.4,0.3,1,0.1,10,10,0.7834030628889472
3191,1.0,2.5,1.0,0.4,0.4,1,0.1,10,10,0.8354965806058652
3192,1.0,2.5,1.0,0.6,0.1,1,0.1,10,10,0.6889930261223368
3193,1.0,2.5,1.0,0.6,0.2,1,0.1,10,10,0.7338888367559533
3194,1.0,2.5,1.0,0.6,0.3,1,0.1,10,10,0.7821752489132425
3195,1.0,2.5,1.0,0.6,0.4,1,0.1,10,10,0.8341632971777433
3196,1.0,2.5,1.0,0.8,0.1,1,0.1,10,10,0.6878614502401696
3197,1.0,2.5,1.0,0.8,0.2,1,0.1,10,10,0.7326987631241005
3198,1.0,2.5,1.0,0.8,0.3,1,0.1,10,10,0.7809032344886844
3199,1.0,2.5,1.0,0.8,0.4,1,0.1,10,10,0.8327796289139929
3200,1.0,3.0,0.1,0.2,0.1,1,0.1,10,10,1.0814579415854364
3201,1.0,3.0,0.1,0.2,0.2,1,0.1,10,10,1.1494243746695432
3202,1.0,3.0,0.1,0.2,0.3,1,0.1,10,10,1.2223446721504303
3203,1.0,3.0,0.1,0.2,0.4,1,0.1,10,10,1.3006746217292495
3204,1.0,3.0,0.1,0.4,0.1,1,0.1,10,10,1.0812729587872028
3205,1.0,3.0,0.1,0.4,0.2,1,0.1,10,10,1.1492184659102302
3206,1.0,3.0,0.1,0.4,0.3,1,0.1,10,10,1.222109900000666
3207,1.0,3.0,0.1,0.4,0.4,1,0.1,10,10,1.3004010006994378
3208,1.0,3.0,0.1,0.6,0.1,1,0.1,10,10,1.0810874943512023
3209,1.0,3.0,0.1,0.6,0.2,1,0.1,10,10,1.1490120917737143
3210,1.0,3.0,0.1,0.6,0.3,1,0.1,10,10,1.2218747051480443
3211,1.0,3.0,0.1,0.6,0.4,1,0.1,10,10,1.3001270364153092
3212,1.0,3.0,0.1,0.8,0.1,1,0.1,10,10,1.0809015557759487
3213,1.0,3.0,0.1,0.8,0.2,1,0.1,10,10,1.1488052612203743
3214,1.0,3.0,0.1,0.8,0.3,1,0.1,10,10,1.2216390986378542
3215,1.0,3.0,0.1,0.8,0.4,1,0.1,10,10,1.299852742771268
3216,1.0,3.0,0.2,0.2,0.1,1,0.1,10,10,1.0359913918215118
3217,1.0,3.0,0.2,0.2,0.2,1,0.1,10,10,1.1014496050607072
3218,1.0,3.0,0.2,0.2,0.3,1,0.1,10,10,1.1717085377614649
3219,1.0,3.0,0.2,0.2,0.4,1,0.1,10,10,1.2472105246224925
3220,1.0,3.0,0.2,0.4,0.1,1,0.1,10,10,1.0356408034530795
3221,1.0,3.0,0.2,0.4,0.2,1,0.1,10,10,1.1010625886346512
3222,1.0,3.0,0.2,0.4,0.3,1,0.1,10,10,1.1712708481774552
3223,1.0,3.0,0.2,0.4,0.4,1,0.1,10,10,1.246704198205467
3224,1.0,3.0,0.2,0.6,0.1,1,0.1,10,10,1.035288344379329
3225,1.0,3.0,0.2,0.6,0.2,1,0.1,10,10,1.1006737142563463
3226,1.0,3.0,0.2,0.6,0.3,1,0.1,10,10,1.1708314066552927
3227,1.0,3.0,0.2,0.6,0.4,1,0.1,10,10,1.2461963566300571
3228,1.0,3.0,0.2,0.8,0.1,1,0.1,10,10,1.0349340727021947
3229,1.0,3.0,0.2,0.8,0.2,1,0.1,10,10,1.1002830498713552
3230,1.0,3.0,0.2,0.8,0.3,1,0.1,10,10,1.170390295512708
3231,1.0,3.0,0.2,0.8,0.4,1,0.1,10,10,1.2456871021493057
3232,1.0,3.0,0.3,0.2,0.1,1,0.1,10,10,0.99088445940507
3233,1.0,3.0,0.3,0.2,0.2,1,0.1,10,10,1.053810216162121
3234,1.0,3.0,0.3,0.2,0.3,1,0.1,10,10,1.1213793433076598
3235,1.0,3.0,0.3,0.2,0.4,1,0.1,10,10,1.1940205531042745
3236,1.0,3.0,0.3,0.4,0.1,1,0.1,10,10,0.9903870172677808
3237,1.0,3.0,0.3,0.4,0.2,1,0.1,10,10,1.0532655756343274
3238,1.0,3.0,0.3,0.4,0.3,1,0.1,10,10,1.1207684340836286
3239,1.0,3.0,0.3,0.4,0.4,1,0.1,10,10,1.193319268436662
3240,1.0,3.0,0.3,0.6,0.1,1,0.1,10,10,0.9898854929940436
3241,1.0,3.0,0.3,0.6,0.2,1,0.1,10,10,1.0527167675235525
3242,1.0,3.0,0.3,0.6,0.3,1,0.1,10,10,1.1201534543069018
3243,1.0,3.0,0.3,0.6,0.4,1,0.1,10,10,1.192614268519214
3244,1.0,3.0,0.3,0.8,0.1,1,0.1,10,10,0.989380076193574
3245,1.0,3.0,0.3,0.8,0.2,1,0.1,10,10,1.0521640089271844
3246,1.0,3.0,0.3,0.8,0.3,1,0.1,10,10,1.119534662386398
3247,1.0,3.0,0.3,0.8,0.4,1,0.1,10,10,1.1919058700766696
3248,1.0,3.0,0.4,0.2,0.1,1,0.1,10,10,0.946216451721782
3249,1.0,3.0,0.4,0.2,0.2,1,0.1,10,10,1.0065908599629183
3250,1.0,3.0,0.4,0.2,0.3,1,0.1,10,10,1.0714471476698797
3251,1.0,3.0,0.4,0.2,0.4,1,0.1,10,10,1.1412001747899507
3252,1.0,3.0,0.4,0.4,0.1,1,0.1,10,10,0.9455902139466272
3253,1.0,3.0,0.4,0.4,0.2,1,0.1,10,10,1.005910706474038
3254,1.0,3.0,0.4,0.4,0.3,1,0.1,10,10,1.0706905122547052
3255,1.0,3.0,0.4,0.4,0.4,1,0.1,10,10,1.1403384620655073
3256,1.0,3.0,0.4,0.6,0.1,1,0.1,10,10,0.944956947830766
3257,1.0,3.0,0.4,0.6,0.2,1,0.1,10,10,1.0052231784376573
3258,1.0,3.0,0.4,0.6,0.3,1,0.1,10,10,1.069926433257702
3259,1.0,3.0,0.4,0.6,0.4,1,0.1,10,10,1.139469633926114
3260,1.0,3.0,0.4,0.8,0.1,1,0.1,10,10,0.944317087244812
3261,1.0,3.0,0.4,0.8,0.2,1,0.1,10,10,1.0045287625774448
3262,1.0,3.0,0.4,0.8,0.3,1,0.1,10,10,1.0691554797690672
3263,1.0,3.0,0.4,0.8,0.4,1,0.1,10,10,1.1385943781687091
3264,1.0,3.0,0.5,0.2,0.1,1,0.1,10,10,0.9020691027573622
3265,1.0,3.0,0.5,0.2,0.2,1,0.1,10,10,0.9598792778466636
3266,1.0,3.0,0.5,0.2,0.3,1,0.1,10,10,1.0220058637987621
3267,1.0,3.0,0.5,0.2,0.4,1,0.1,10,10,1.0888495863884928
3268,1.0,3.0,0.5,0.4,0.1,1,0.1,10,10,0.9013313697708428
3269,1.0,3.0,0.5,0.4,0.2,1,0.1,10,10,0.9590843084607164
3270,1.0,3.0,0.5,0.4,0.3,1,0.1,10,10,1.0211287685718682
3271,1.0,3.0,0.5,0.4,0.4,1,0.1,10,10,1.0878587492825726
3272,1.0,3.0,0.5,0.6,0.1,1,0.1,10,10,0.9005830183594244
3273,1.0,3.0,0.5,0.6,0.2,1,0.1,10,10,0.9582778930527694
3274,1.0,3.0,0.5,0.6,0.3,1,0.1,10,10,1.0202397619373158
3275,1.0,3.0,0.5,0.6,0.4,1,0.1,10,10,1.0868560631224342
3276,1.0,3.0,0.5,0.8,0.1,1,0.1,10,10,0.8998248652480009
3277,1.0,3.0,0.5,0.8,0.2,1,0.1,10,10,0.957460930162884
3278,1.0,3.0,0.5,0.8,0.3,1,0.1,10,10,1.0193398759735504
3279,1.0,3.0,0.5,0.8,0.4,1,0.1,10,10,1.0858427572520934
3280,1.0,3.0,0.6,0.2,0.1,1,0.1,10,10,0.8585258096997567
3281,1.0,3.0,0.6,0.2,0.2,1,0.1,10,10,0.9137654886203171
3282,1.0,3.0,0.6,0.2,0.3,1,0.1,10,10,0.9731524035010728
3283,1.0,3.0,0.6,0.2,0.4,1,0.1,10,10,1.0370728233043789
3284,1.0,3.0,0.6,0.4,0.1,1,0.1,10,10,0.8576930654997624
3285,1.0,3.0,0.6,0.4,0.2,1,0.1,10,10,0.9128749587261836
3286,1.0,3.0,0.6,0.4,0.3,1,0.1,10,10,0.9721778905092509
3287,1.0,3.0,0.6,0.4,0.4,1,0.1,10,10,1.0359809693617406
3288,1.0,3.0,0.6,0.6,0.1,1,0.1,10,10,0.8568455635696111
3289,1.0,3.0,0.6,0.6,0.2,1,0.1,10,10,0.9119680955681778
3290,1.0,3.0,0.6,0.6,0.3,1,0.1,10,10,0.9711858934532152
3291,1.0,3.0,0.6,0.6,0.4,1,0.1,10,10,1.0348711135305138
3292,1.0,3.0,0.6,0.8,0.1,1,0.1,10,10,0.8559846619679664
3293,1.0,3.0,0.6,0.8,0.2,1,0.1,10,10,0.9110463661797452
3294,1.0,3.0,0.6,0.8,0.3,1,0.1,10,10,0.9701780682803036
3295,1.0,3.0,0.6,0.8,0.4,1,0.1,10,10,1.033745199179251
3296,1.0,3.0,0.7,0.2,0.1,1,0.1,10,10,0.8156707744728489
3297,1.0,3.0,0.7,0.2,0.2,1,0.1,10,10,0.8683408619110886
3298,1.0,3.0,0.7,0.2,0.3,1,0.1,10,10,0.9249856848572502
3299,1.0,3.0,0.7,0.2,0.4,1,0.1,10,10,0.9859767057581532
3300,1.0,3.0,0.7,0.4,0.1,1,0.1,10,10,0.8147586342466915
3301,1.0,3.0,0.7,0.4,0.2,1,0.1,10,10,0.8673725720949019
3302,1.0,3.0,0.7,0.4,0.3,1,0.1,10,10,0.9239345999491128
3303,1.0,3.0,0.7,0.4,0.4,1,0.1,10,10,0.984808816468512
3304,1.0,3.0,0.7,0.6,0.1,1,0.1,10,10,0.8138271462777528
3305,1.0,3.0,0.7,0.6,0.2,1,0.1,10,10,0.8663823125936537
3306,1.0,3.0,0.7,0.6,0.3,1,0.1,10,10,0.9228593780033754
3307,1.0,3.0,0.7,0.6,0.4,1,0.1,10,10,0.9836153222168844
3308,1.0,3.0,0.7,0.8,0.1,1,0.1,10,10,0.8128783825121391
3309,1.0,3.0,0.7,0.8,0.2,1,0.1,10,10,0.8653722842438065
3310,1.0,3.0,0.7,0.8,0.3,1,0.1,10,10,0.921762461990172
3311,1.0,3.0,0.7,0.8,0.4,1,0.1,10,10,0.9823990476004392
3312,1.0,3.0,0.8,0.2,0.1,1,0.1,10,10,0.7735880640166688
3313,1.0,3.0,0.8,0.2,0.2,1,0.1,10,10,0.8236970911551847
3314,1.0,3.0,0.8,0.2,0.3,1,0.1,10,10,0.8776055164524379
3315,1.0,3.0,0.8,0.2,0.4,1,0.1,10,10,0.9356696349356664
3316,1.0,3.0,0.8,0.4,0.1,1,0.1,10,10,0.7726112290311999
3317,1.0,3.0,0.8,0.4,0.2,1,0.1,10,10,0.8226673885436512
3318,1.0,3.0,0.8,0.4,0.3,1,0.1,10,10,0.8764965618901139
3319,1.0,3.0,0.8,0.4,0.4,1,0.1,10,10,0.9344476737744664
3320,1.0,3.0,0.8,0.6,0.1,1,0.1,10,10,0.7716101076280829
3321,1.0,3.0,0.8,0.6,0.2,1,0.1,10,10,0.8216094159716805
3322,1.0,3.0,0.8,0.6,0.3,1,0.1,10,10,0.8753557984822793
3323,1.0,3.0,0.8,0.6,0.4,1,0.1,10,10,0.9331910823066358
3324,1.0,3.0,0.8,0.8,0.1,1,0.1,10,10,0.7705876666614745
3325,1.0,3.0,0.8,0.8,0.2,1,0.1,10,10,0.820526277446021
3326,1.0,3.0,0.8,0.8,0.3,1,0.1,10,10,0.8741866179171389
3327,1.0,3.0,0.8,0.8,0.4,1,0.1,10,10,0.9319037251360368
3328,1.0,3.0,0.9,0.2,0.1,1,0.1,10,10,0.7323606072257006
3329,1.0,3.0,0.9,0.2,0.2,1,0.1,10,10,0.7799250854387494
3330,1.0,3.0,0.9,0.2,0.3,1,0.1,10,10,0.8311113787342329
3331,1.0,3.0,0.9,0.2,0.4,1,0.1,10,10,0.8862602600524896
3332,1.0,3.0,0.9,0.4,0.1,1,0.1,10,10,0.7313328277837114
3333,1.0,3.0,0.9,0.4,0.2,1,0.1,10,10,0.7788488790865568
3334,1.0,3.0,0.9,0.4,0.3,1,0.1,10,10,0.8299611885127196
3335,1.0,3.0,0.9,0.4,0.4,1,0.1,10,10,0.8850033153259355
3336,1.0,3.0,0.9,0.6,0.1,1,0.1,10,10,0.7302755794126433
3337,1.0,3.0,0.9,0.6,0.2,1,0.1,10,10,0.7777375424721075
3338,1.0,3.0,0.9,0.6,0.3,1,0.1,10,10,0.8287705977007459
3339,1.0,3.0,0.9,0.6,0.4,1,0.1,10,10,0.8837013809945222
3340,1.0,3.0,0.9,0.8,0.1,1,0.1,10,10,0.7291929080003069
3341,1.0,3.0,0.9,0.8,0.2,1,0.1,10,10,0.7765952527134515
3342,1.0,3.0,0.9,0.8,0.3,1,0.1,10,10,0.8275441053244152
3343,1.0,3.0,0.9,0.8,0.4,1,0.1,10,10,0.8823595122337153
3344,1.0,3.0,1.0,0.2,0.1,1,0.1,10,10,0.6920691512001804
3345,1.0,3.0,1.0,0.2,0.2,1,0.1,10,10,0.7371138051486241
3346,1.0,3.0,1.0,0.2,0.3,1,0.1,10,10,0.785601129675936
3347,1.0,3.0,1.0,0.2,0.4,1,0.1,10,10,0.8378560454992124
3348,1.0,3.0,1.0,0.4,0.1,1,0.1,10,10,0.69100319829521
3349,1.0,3.0,1.0,0.4,0.2,1,0.1,10,10,0.7360045946413875
3350,1.0,3.0,1.0,0.4,0.3,1,0.1,10,10,0.7844243650061736
3351,1.0,3.0,1.0,0.4,0.4,1,0.1,10,10,0.8365805035087714
3352,1.0,3.0,1.0,0.6,0.1,1,0.1,10,10,0.6899024565537668
3353,1.0,3.0,1.0,0.6,0.2,1,0.1,10,10,0.7348529544895811
3354,1.0,3.0,1.0,0.6,0.3,1,0.1,10,10,0.7831978227715388
3355,1.0,3.0,1.0,0.6,0.4,1,0.1,10,10,0.8352484255131367
3356,1.0,3.0,1.0,0.8,0.1,1,0.1,10,10,0.6887722330341215
3357,1.0,3.0,1.0,0.8,0.2,1,0.1,10,10,0.7336643027869022
3358,1.0,3.0,1.0,0.8,0.3,1,0.1,10,10,0.7819272647917869
3359,1.0,3.0,1.0,0.8,0.4,1,0.1,10,10,0.8338662022178901
3360,1.5,0.0,0.1,0.2,0.1,1,0.1,10,10,1.0595616849782206
3361,1.5,0.0,0.1,0.2,0.2,1,0.1,10,10,1.126346240431228
3362,1.5,0.0,0.1,0.2,0.3,1,0.1,10,10,1.1980155575806712
3363,1.5,0.0,0.1,0.2,0.4,1,0.1,10,10,1.2750196053937406
3364,1.5,0.0,0.1,0.4,0.1,1,0.1,10,10,1.0592905786384683
3365,1.5,0.0,0.1,0.4,0.2,1,0.1,10,10,1.1260452831759846
3366,1.5,0.0,0.1,0.4,0.3,1,0.1,10,10,1.1976729731212894
3367,1.5,0.0,0.1,0.4,0.4,1,0.1,10,10,1.2746205473704195
3368,1.5,0.0,0.1,0.6,0.1,1,0.1,10,10,1.0590183387796543
3369,1.5,0.0,0.1,0.6,0.2,1,0.1,10,10,1.1257432057199046
3370,1.5,0.0,0.1,0.6,0.3,1,0.1,10,10,1.1973293340482436
3371,1.5,0.0,0.1,0.6,0.4,1,0.1,10,10,1.2742205742279542
3372,1.5,0.0,0.1,0.8,0.1,1,0.1,10,10,1.0587449905116737
3373,1.5,0.0,0.1,0.8,0.2,1,0.1,10,10,1.1254400378801563
3374,1.5,0.0,0.1,0.8,0.3,1,0.1,10,10,1.1969846770107164
3375,1.5,0.0,0.1,0.8,0.4,1,0.1,10,10,1.2738197320699114
3376,1.5,0.0,0.2,0.2,0.1,1,0.1,10,10,0.9921642884132222
3377,1.5,0.0,0.2,0.2,0.2,1,0.1,10,10,1.0551977598958084
3378,1.5,0.0,0.2,0.2,0.3,1,0.1,10,10,1.1228862243518376
3379,1.5,0.0,0.2,0.2,0.4,1,0.1,10,10,1.1956599514120825
3380,1.5,0.0,0.2,0.4,0.1,1,0.1,10,10,0.9916640218935971
3381,1.5,0.0,0.2,0.4,0.2,1,0.1,10,10,1.054649583190195
3382,1.5,0.0,0.2,0.4,0.3,1,0.1,10,10,1.122270230348456
3383,1.5,0.0,0.2,0.4,0.4,1,0.1,10,10,1.194950944722241
3384,1.5,0.0,0.2,0.6,0.1,1,0.1,10,10,0.9911594216381366
3385,1.5,0.0,0.2,0.6,0.2,1,0.1,10,10,1.05409695630843
3386,1.5,0.0,0.2,0.6,0.3,1,0.1,10,10,1.1216498409471578
3387,1.5,0.0,0.2,0.6,0.4,1,0.1,10,10,1.1942378429463472
3388,1.5,0.0,0.2,0.8,0.1,1,0.1,10,10,0.990650680476145
3389,1.5,0.0,0.2,0.8,0.2,1,0.1,10,10,1.0535401005886624
3390,1.5,0.0,0.2,0.8,0.3,1,0.1,10,10,1.1210253207119032
3391,1.5,0.0,0.2,0.8,0.4,1,0.1,10,10,1.193520972074665
3392,1.5,0.0,0.3,0.2,0.1,1,0.1,10,10,0.9253265038888544
3393,1.5,0.0,0.3,0.2,0.2,1,0.1,10,10,0.9845376376328862
3394,1.5,0.0,0.3,0.2,0.3,1,0.1,10,10,1.0481623611774011
3395,1.5,0.0,0.3,0.2,0.4,1,0.1,10,10,1.1166104931342926
3396,1.5,0.0,0.3,0.4,0.1,1,0.1,10,10,0.9246373501784688
3397,1.5,0.0,0.3,0.4,0.2,1,0.1,10,10,0.9837919916994686
3398,1.5,0.0,0.3,0.4,0.3,1,0.1,10,10,1.0473353352087795
3399,1.5,0.0,0.3,0.4,0.4,1,0.1,10,10,1.1156704630366614
3400,1.5,0.0,0.3,0.6,0.1,1,0.1,10,10,0.9239389073313036
3401,1.5,0.0,0.3,0.6,0.2,1,0.1,10,10,0.9830364285926836
3402,1.5,0.0,0.3,0.6,0.3,1,0.1,10,10,1.0464980656378065
3403,1.5,0.0,0.3,0.6,0.4,1,0.1,10,10,1.1147203051558252
3404,1.5,0.0,0.3,0.8,0.1,1,0.1,10,10,0.9232317973096624
3405,1.5,0.0,0.3,0.8,0.2,1,0.1,10,10,0.9822716395483586
3406,1.5,0.0,0.3,0.8,0.3,1,0.1,10,10,1.0456513555102456
3407,1.5,0.0,0.3,0.8,0.4,1,0.1,10,10,1.1137609870219292
3408,1.5,0.0,0.4,0.2,0.1,1,0.1,10,10,0.8593811256876931
3409,1.5,0.0,0.4,0.2,0.2,1,0.1,10,10,0.9147216265468708
3410,1.5,0.0,0.4,0.2,0.3,1,0.1,10,10,0.9742233326230766
3411,1.5,0.0,0.4,0.2,0.4,1,0.1,10,10,1.0382746830429959
3412,1.5,0.0,0.4,0.4,0.1,1,0.1,10,10,0.8585412405394197
3413,1.5,0.0,0.4,0.4,0.2,1,0.1,10,10,0.9138238837131938
3414,1.5,0.0,0.4,0.4,0.3,1,0.1,10,10,0.9732404785132032
3415,1.5,0.0,0.4,0.4,0.4,1,0.1,10,10,1.037171950530419
3416,1.5,0.0,0.4,0.6,0.1,1,0.1,10,10,0.8576856872968174
3417,1.5,0.0,0.4,0.6,0.2,1,0.1,10,10,0.9129087545819624
3418,1.5,0.0,0.4,0.6,0.3,1,0.1,10,10,0.9722389144171468
3419,1.5,0.0,0.4,0.6,0.4,1,0.1,10,10,1.0360497841456715
3420,1.5,0.0,0.4,0.8,0.1,1,0.1,10,10,0.8568158688418396
3421,1.5,0.0,0.4,0.8,0.2,1,0.1,10,10,0.9119777526965764
3422,1.5,0.0,0.4,0.8,0.3,1,0.1,10,10,0.9712203500797212
3423,1.5,0.0,0.4,0.8,0.4,1,0.1,10,10,1.034910195795436
3424,1.5,0.0,0.5,0.2,0.1,1,0.1,10,10,0.7946751913209222
3425,1.5,0.0,0.5,0.2,0.2,1,0.1,10,10,0.8461236407433896
3426,1.5,0.0,0.5,0.2,0.3,1,0.1,10,10,0.9014712319238112
3427,1.5,0.0,0.5,0.2,0.4,1,0.1,10,10,0.961083988583186
3428,1.5,0.0,0.5,0.4,0.1,1,0.1,10,10,0.7937202056365699
3429,1.5,0.0,0.5,0.4,0.2,1,0.1,10,10,0.8451145283224973
3430,1.5,0.0,0.5,0.4,0.3,1,0.1,10,10,0.9003804382485978
3431,1.5,0.0,0.5,0.4,0.4,1,0.1,10,10,0.9598762258625241
3432,1.5,0.0,0.5,0.6,0.1,1,0.1,10,10,0.7927421047242907
3433,1.5,0.0,0.5,0.6,0.2,1,0.1,10,10,0.8440787817868253
3434,1.5,0.0,0.5,0.6,0.3,1,0.1,10,10,0.8992599038748744
3435,1.5,0.0,0.5,0.6,0.4,1,0.1,10,10,0.9586362841462168
3436,1.5,0.0,0.5,0.8,0.1,1,0.1,10,10,0.7917434847995168
3437,1.5,0.0,0.5,0.8,0.2,1,0.1,10,10,0.8430191299995891
3438,1.5,0.0,0.5,0.8,0.3,1,0.1,10,10,0.89811263105132
3439,1.5,0.0,0.5,0.8,0.4,1,0.1,10,10,0.9573676132256436
3440,1.5,0.0,0.6,0.2,0.1,1,0.1,10,10,0.7315606198565833
3441,1.5,0.0,0.6,0.2,0.2,1,0.1,10,10,0.7791256673598843
3442,1.5,0.0,0.6,0.2,0.3,1,0.1,10,10,0.8303200736680099
3443,1.5,0.0,0.6,0.2,0.4,1,0.1,10,10,0.8854863949284523
3444,1.5,0.0,0.6,0.4,0.1,1,0.1,10,10,0.7305232869498696
3445,1.5,0.0,0.6,0.4,0.2,1,0.1,10,10,0.7780411346753149
3446,1.5,0.0,0.6,0.4,0.3,1,0.1,10,10,0.829162013066958
3447,1.5,0.0,0.6,0.4,0.4,1,0.1,10,10,0.8842209617918629
3448,1.5,0.0,0.6,0.6,0.1,1,0.1,10,10,0.7294547012895264
3449,1.5,0.0,0.6,0.6,0.2,1,0.1,10,10,0.7769192679335192
3450,1.5,0.0,0.6,0.6,0.3,1,0.1,10,10,0.8279608695365878
3451,1.5,0.0,0.6,0.6,0.4,1,0.1,10,10,0.8829073136518609
3452,1.5,0.0,0.6,0.8,0.1,1,0.1,10,10,0.7283590955981034
3453,1.5,0.0,0.6,0.8,0.2,1,0.1,10,10,0.7757644209567658
3454,1.5,0.0,0.6,0.8,0.3,1,0.1,10,10,0.8267213220207941
3455,1.5,0.0,0.6,0.8,0.4,1,0.1,10,10,0.8815507063758742
3456,1.5,0.0,0.7,0.2,0.1,1,0.1,10,10,0.6703836612623266
3457,1.5,0.0,0.7,0.2,0.2,1,0.1,10,10,0.7141062006251376
3458,1.5,0.0,0.7,0.2,0.3,1,0.1,10,10,0.7611831624416843
3459,1.5,0.0,0.7,0.2,0.4,1,0.1,10,10,0.8119326723390413
3460,1.5,0.0,0.7,0.4,0.1,1,0.1,10,10,0.669293574901808
3461,1.5,0.0,0.7,0.4,0.2,1,0.1,10,10,0.7129774206601912
3462,1.5,0.0,0.7,0.4,0.3,1,0.1,10,10,0.7599916160873043
3463,1.5,0.0,0.7,0.4,0.4,1,0.1,10,10,0.8106473022784985
3464,1.5,0.0,0.7,0.6,0.1,1,0.1,10,10,0.6681638009223514
3465,1.5,0.0,0.7,0.6,0.2,1,0.1,10,10,0.7117995837880021
3466,1.5,0.0,0.7,0.6,0.3,1,0.1,10,10,0.7587417928969776
3467,1.5,0.0,0.7,0.6,0.4,1,0.1,10,10,0.8092948713295428
3468,1.5,0.0,0.7,0.8,0.1,1,0.1,10,10,0.6670006533082525
3469,1.5,0.0,0.7,0.8,0.2,1,0.1,10,10,0.7105790786750293
3470,1.5,0.0,0.7,0.8,0.3,1,0.1,10,10,0.7574404278194827
3471,1.5,0.0,0.7,0.8,0.4,1,0.1,10,10,0.8078827944391899
3472,1.5,0.0,0.8,0.2,0.1,1,0.1,10,10,0.6114737572938947
3473,1.5,0.0,0.8,0.2,0.2,1,0.1,10,10,0.6514278546748811
3474,1.5,0.0,0.8,0.2,0.3,1,0.1,10,10,0.6944593478781608
3475,1.5,0.0,0.8,0.2,0.4,1,0.1,10,10,0.7408611668672384
3476,1.5,0.0,0.8,0.4,0.1,1,0.1,10,10,0.6103571525532729
3477,1.5,0.0,0.8,0.4,0.2,1,0.1,10,10,0.6502813504491064
3478,1.5,0.0,0.8,0.4,0.3,1,0.1,10,10,0.6932617193552453
3479,1.5,0.0,0.8,0.4,0.4,1,0.1,10,10,0.7395849376958297
3480,1.5,0.0,0.8,0.6,0.1,1,0.1,10,10,0.6091925235128465
3481,1.5,0.0,0.8,0.6,0.2,1,0.1,10,10,0.6490735587592414
3482,1.5,0.0,0.8,0.6,0.3,1,0.1,10,10,0.6919894143031091
3483,1.5,0.0,0.8,0.6,0.4,1,0.1,10,10,0.7382207799963139
3484,1.5,0.0,0.8,0.8,0.1,1,0.1,10,10,0.6079886838025835
3485,1.5,0.0,0.8,0.8,0.2,1,0.1,10,10,0.6478133011082544
3486,1.5,0.0,0.8,0.8,0.3,1,0.1,10,10,0.6906516028706814
3487,1.5,0.0,0.8,0.8,0.4,1,0.1,10,10,0.7367786286527471
3488,1.5,0.0,0.9,0.2,0.1,1,0.1,10,10,0.5551325356470846
3489,1.5,0.0,0.9,0.2,0.2,1,0.1,10,10,0.5914249671796927
3490,1.5,0.0,0.9,0.2,0.3,1,0.1,10,10,0.6305190752885281
3491,1.5,0.0,0.9,0.2,0.4,1,0.1,10,10,0.6726821255872664
3492,1.5,0.0,0.9,0.4,0.1,1,0.1,10,10,0.5540121797260257
3493,1.5,0.0,0.9,0.4,0.2,1,0.1,10,10,0.5902828441911747
3494,1.5,0.0,0.9,0.4,0.3,1,0.1,10,10,0.6293370427713355
3495,1.5,0.0,0.9,0.4,0.4,1,0.1,10,10,0.6714366234921219
3496,1.5,0.0,0.9,0.6,0.1,1,0.1,10,10,0.5528359417138917
3497,1.5,0.0,0.9,0.6,0.2,1,0.1,10,10,0.5890672653635054
3498,1.5,0.0,0.9,0.6,0.3,1,0.1,10,10,0.6280635120718323
3499,1.5,0.0,0.9,0.6,0.4,1,0.1,10,10,0.6700813303961886
3500,1.5,0.0,0.9,0.8,0.1,1,0.1,10,10,0.5516155006568622
3501,1.5,0.0,0.9,0.8,0.2,1,0.1,10,10,0.5877898594331257
3502,1.5,0.0,0.9,0.8,0.3,1,0.1,10,10,0.626710471609544
3503,1.5,0.0,0.9,0.8,0.4,1,0.1,10,10,0.6686290910803795
3504,1.5,0.0,1.0,0.2,0.1,1,0.1,10,10,0.5016237090876386
3505,1.5,0.0,1.0,0.2,0.2,1,0.1,10,10,0.5343920806747446
3506,1.5,0.0,1.0,0.2,0.3,1,0.1,10,10,0.5696912493862112
3507,1.5,0.0,1.0,0.2,0.4,1,0.1,10,10,0.6077627203578773
3508,1.5,0.0,1.0,0.4,0.1,1,0.1,10,10,0.5005188839245427
3509,1.5,0.0,1.0,0.4,0.2,1,0.1,10,10,0.5332723409797466
3510,1.5,0.0,1.0,0.4,0.3,1,0.1,10,10,0.5685414971612648
3511,1.5,0.0,1.0,0.4,0.4,1,0.1,10,10,0.6065632937013146
3512,1.5,0.0,1.0,0.6,0.1,1,0.1,10,10,0.4993511439540098
3513,1.5,0.0,1.0,0.6,0.2,1,0.1,10,10,0.5320676220408479
3514,1.5,0.0,1.0,0.6,0.3,1,0.1,10,10,0.5672838563557512
3515,1.5,0.0,1.0,0.6,0.4,1,0.1,10,10,0.6052323833263089
3516,1.5,0.0,1.0,0.8,0.1,1,0.1,10,10,0.4981353229037739
3517,1.5,0.0,1.0,0.8,0.2,1,0.1,10,10,0.5307926962509915
3518,1.5,0.0,1.0,0.8,0.3,1,0.1,10,10,0.5659335163925305
3519,1.5,0.0,1.0,0.8,0.4,1,0.1,10,10,0.6037861699535796
3520,1.5,0.5,0.1,0.2,0.1,1,0.1,10,10,1.0595595780055935
3521,1.5,0.5,0.1,0.2,0.2,1,0.1,10,10,1.1263438981040683
3522,1.5,0.5,0.1,0.2,0.3,1,0.1,10,10,1.198012951034917
3523,1.5,0.5,0.1,0.2,0.4,1,0.1,10,10,1.2750167018421927
3524,1.5,0.5,0.1,0.4,0.1,1,0.1,10,10,1.059288488034634
3525,1.5,0.5,0.1,0.4,0.2,1,0.1,10,10,1.1260429615062502
3526,1.5,0.5,0.1,0.4,0.3,1,0.1,10,10,1.1976703949256189
3527,1.5,0.5,0.1,0.4,0.4,1,0.1,10,10,1.2746176842506127
3528,1.5,0.5,0.1,0.6,0.1,1,0.1,10,10,1.0590162650231187
3529,1.5,0.5,0.1,0.6,0.2,1,0.1,10,10,1.125740905236362
3530,1.5,0.5,0.1,0.6,0.3,1,0.1,10,10,1.197326784798909
3531,1.5,0.5,0.1,0.6,0.4,1,0.1,10,10,1.2742177522221971
3532,1.5,0.5,0.1,0.8,0.1,1,0.1,10,10,1.0587429340756969
3533,1.5,0.5,0.1,0.8,0.2,1,0.1,10,10,1.1254377591046465
3534,1.5,0.5,0.1,0.8,0.3,1,0.1,10,10,1.1969821572943606
3535,1.5,0.5,0.1,0.8,0.4,1,0.1,10,10,1.2738169518468982
3536,1.5,0.5,0.2,0.2,0.1,1,0.1,10,10,0.9921691905613054
3537,1.5,0.5,0.2,0.2,0.2,1,0.1,10,10,1.05520274061742
3538,1.5,0.5,0.2,0.2,0.3,1,0.1,10,10,1.1228912650845226
3539,1.5,0.5,0.2,0.2,0.4,1,0.1,10,10,1.195665029479748
3540,1.5,0.5,0.2,0.4,0.1,1,0.1,10,10,0.9916689768299792
3541,1.5,0.5,0.2,0.4,0.2,1,0.1,10,10,1.054654622894878
3542,1.5,0.5,0.2,0.4,0.3,1,0.1,10,10,1.1222753417391933
3543,1.5,0.5,0.2,0.4,0.4,1,0.1,10,10,1.1949561122959205
3544,1.5,0.5,0.2,0.6,0.1,1,0.1,10,10,0.9911644312840636
3545,1.5,0.5,0.2,0.6,0.2,1,0.1,10,10,1.054102057118536
3546,1.5,0.5,0.2,0.6,0.3,1,0.1,10,10,1.1216550253450521
3547,1.5,0.5,0.2,0.6,0.4,1,0.1,10,10,1.1942431026217055
3548,1.5,0.5,0.2,0.8,0.1,1,0.1,10,10,0.9906557466747968
3549,1.5,0.5,0.2,0.8,0.2,1,0.1,10,10,1.0535452645362546
3550,1.5,0.5,0.2,0.8,0.3,1,0.1,10,10,1.1210305803552656
3551,1.5,0.5,0.2,0.8,0.4,1,0.1,10,10,1.1935263263053426
3552,1.5,0.5,0.3,0.2,0.1,1,0.1,10,10,0.925346777594198
3553,1.5,0.5,0.3,0.2,0.2,1,0.1,10,10,0.9845588412505986
3554,1.5,0.5,0.3,0.2,0.3,1,0.1,10,10,1.0481845276075583
3555,1.5,0.5,0.3,0.2,0.4,1,0.1,10,10,1.1166336549557263
3556,1.5,0.5,0.3,0.4,0.1,1,0.1,10,10,0.9246577199846676
3557,1.5,0.5,0.3,0.4,0.2,1,0.1,10,10,0.9838132964915228
3558,1.5,0.5,0.3,0.4,0.3,1,0.1,10,10,1.0473576136351341
3559,1.5,0.5,0.3,0.4,0.4,1,0.1,10,10,1.1156937553677635
3560,1.5,0.5,0.3,0.6,0.1,1,0.1,10,10,0.923959377497143
3561,1.5,0.5,0.3,0.6,0.2,1,0.1,10,10,0.9830578394311452
3562,1.5,0.5,0.3,0.6,0.3,1,0.1,10,10,1.0465204615516146
3563,1.5,0.5,0.3,0.6,0.4,1,0.1,10,10,1.1147437340866018
3564,1.5,0.5,0.3,0.8,0.1,1,0.1,10,10,0.9232523717290304
3565,1.5,0.5,0.3,0.8,0.2,1,0.1,10,10,0.982293160908906
3566,1.5,0.5,0.3,0.8,0.3,1,0.1,10,10,1.0456738739484777
3567,1.5,0.5,0.3,0.8,0.4,1,0.1,10,10,1.1137845580963799
3568,1.5,0.5,0.4,0.2,0.1,1,0.1,10,10,0.8594240379178829
3569,1.5,0.5,0.4,0.2,0.2,1,0.1,10,10,0.9147668177767584
3570,1.5,0.5,0.4,0.2,0.3,1,0.1,10,10,0.9742709283288972
3571,1.5,0.5,0.4,0.2,0.4,1,0.1,10,10,1.0383248163337686
3572,1.5,0.5,0.4,0.4,0.1,1,0.1,10,10,0.8585842879246692
3573,1.5,0.5,0.4,0.4,0.2,1,0.1,10,10,0.91386921164522
3574,1.5,0.5,0.4,0.4,0.3,1,0.1,10,10,0.9732882166411364
3575,1.5,0.5,0.4,0.4,0.4,1,0.1,10,10,1.0372222378062734
3576,1.5,0.5,0.4,0.6,0.1,1,0.1,10,10,0.8577288771327188
3577,1.5,0.5,0.4,0.6,0.2,1,0.1,10,10,0.9129542280882532
3578,1.5,0.5,0.4,0.6,0.3,1,0.1,10,10,0.972286805401053
3579,1.5,0.5,0.4,0.6,0.4,1,0.1,10,10,1.0361002373348154
3580,1.5,0.5,0.4,0.8,0.1,1,0.1,10,10,0.8568592073679763
3581,1.5,0.5,0.4,0.8,0.2,1,0.1,10,10,0.9120233795454232
3582,1.5,0.5,0.4,0.8,0.3,1,0.1,10,10,0.9712684031459992
3583,1.5,0.5,0.4,0.8,0.4,1,0.1,10,10,1.0349608254445823
3584,1.5,0.5,0.5,0.2,0.1,1,0.1,10,10,0.7947466085604532
3585,1.5,0.5,0.5,0.2,0.2,1,0.1,10,10,0.8461991155714388
3586,1.5,0.5,0.5,0.2,0.3,1,0.1,10,10,0.9015510208379665
3587,1.5,0.5,0.5,0.2,0.4,1,0.1,10,10,0.9611683678250784
3588,1.5,0.5,0.5,0.4,0.1,1,0.1,10,10,0.7937917841621551
3589,1.5,0.5,0.5,0.4,0.2,1,0.1,10,10,0.8451901615365828
3590,1.5,0.5,0.5,0.4,0.3,1,0.1,10,10,0.9004603837403922
3591,1.5,0.5,0.5,0.4,0.4,1,0.1,10,10,0.959960761881932
3592,1.5,0.5,0.5,0.6,0.1,1,0.1,10,10,0.7928138552246655
3593,1.5,0.5,0.5,0.6,0.2,1,0.1,10,10,0.8441545874574499
3594,1.5,0.5,0.5,0.6,0.3,1,0.1,10,10,0.8993400234092022
3595,1.5,0.5,0.5,0.6,0.4,1,0.1,10,10,0.9587209977447572
3596,1.5,0.5,0.5,0.8,0.1,1,0.1,10,10,0.7918154156241994
3597,1.5,0.5,0.5,0.8,0.2,1,0.1,10,10,0.8430951198067295
3598,1.5,0.5,0.5,0.8,0.3,1,0.1,10,10,0.8981929395582965
3599,1.5,0.5,0.5,0.8,0.4,1,0.1,10,10,0.9574525224107382
3600,1.5,0.5,0.6,0.2,0.1,1,0.1,10,10,0.7316647670171408
3601,1.5,0.5,0.6,0.2,0.2,1,0.1,10,10,0.7792359854245842
3602,1.5,0.5,0.6,0.2,0.3,1,0.1,10,10,0.8304369829914268
3603,1.5,0.5,0.6,0.2,0.4,1,0.1,10,10,0.8856103515804608
3604,1.5,0.5,0.6,0.4,0.1,1,0.1,10,10,0.7306276027071931
3605,1.5,0.5,0.6,0.4,0.2,1,0.1,10,10,0.7781516149309582
3606,1.5,0.5,0.6,0.4,0.3,1,0.1,10,10,0.8292790752705779
3607,1.5,0.5,0.6,0.4,0.4,1,0.1,10,10,0.8843450589232449
3608,1.5,0.5,0.6,0.6,0.1,1,0.1,10,10,0.7295591995858046
3609,1.5,0.5,0.6,0.6,0.2,1,0.1,10,10,0.7770299305157529
3610,1.5,0.5,0.6,0.6,0.3,1,0.1,10,10,0.8280781110815352
3611,1.5,0.5,0.6,0.6,0.4,1,0.1,10,10,0.8830315841156474
3612,1.5,0.5,0.6,0.8,0.1,1,0.1,10,10,0.7284637860176278
3613,1.5,0.5,0.6,0.8,0.2,1,0.1,10,10,0.7758752815880676
3614,1.5,0.5,0.6,0.8,0.3,1,0.1,10,10,0.8268387647664222
3615,1.5,0.5,0.6,0.8,0.4,1,0.1,10,10,0.8816751780735278
3616,1.5,0.5,0.7,0.2,0.1,1,0.1,10,10,0.6705229685210343
3617,1.5,0.5,0.7,0.2,0.2,1,0.1,10,10,0.7142540106560635
3618,1.5,0.5,0.7,0.2,0.3,1,0.1,10,10,0.761340083801335
3619,1.5,0.5,0.7,0.2,0.4,1,0.1,10,10,0.8120993684633544
3620,1.5,0.5,0.7,0.4,0.1,1,0.1,10,10,0.6694330361774784
3621,1.5,0.5,0.7,0.4,0.2,1,0.1,10,10,0.7131253774914534
3622,1.5,0.5,0.7,0.4,0.3,1,0.1,10,10,0.7601486699112137
3623,1.5,0.5,0.7,0.4,0.4,1,0.1,10,10,0.8108141079609993
3624,1.5,0.5,0.7,0.6,0.1,1,0.1,10,10,0.6683034326444737
3625,1.5,0.5,0.7,0.6,0.2,1,0.1,10,10,0.7119477138015342
3626,1.5,0.5,0.7,0.6,0.3,1,0.1,10,10,0.7588990158794118
3627,1.5,0.5,0.7,0.6,0.4,1,0.1,10,10,0.8094618339056597
3628,1.5,0.5,0.7,0.8,0.1,1,0.1,10,10,0.6671404647318264
3629,1.5,0.5,0.7,0.8,0.2,1,0.1,10,10,0.7107274009632504
3630,1.5,0.5,0.7,0.8,0.3,1,0.1,10,10,0.7575978490759052
3631,1.5,0.5,0.7,0.8,0.4,1,0.1,10,10,0.8080499531723121
3632,1.5,0.5,0.8,0.2,0.1,1,0.1,10,10,0.6116488116384942
3633,1.5,0.5,0.8,0.2,0.2,1,0.1,10,10,0.6516138324806943
3634,1.5,0.5,0.8,0.2,0.3,1,0.1,10,10,0.6946570593782962
3635,1.5,0.5,0.8,0.2,0.4,1,0.1,10,10,0.7410714984791559
3636,1.5,0.5,0.8,0.4,0.1,1,0.1,10,10,0.6105323240356605
3637,1.5,0.5,0.8,0.4,0.2,1,0.1,10,10,0.6504674413093265
3638,1.5,0.5,0.8,0.4,0.3,1,0.1,10,10,0.6934595289311984
3639,1.5,0.5,0.8,0.4,0.4,1,0.1,10,10,0.7397953388259537
3640,1.5,0.5,0.8,0.6,0.1,1,0.1,10,10,0.6093678295841494
3641,1.5,0.5,0.8,0.6,0.2,1,0.1,10,10,0.6492597944621133
3642,1.5,0.5,0.8,0.6,0.3,1,0.1,10,10,0.6921873687538728
3643,1.5,0.5,0.8,0.6,0.4,1,0.1,10,10,0.7384313131585623
3644,1.5,0.5,0.8,0.8,0.1,1,0.1,10,10,0.6081641311689796
3645,1.5,0.5,0.8,0.8,0.2,1,0.1,10,10,0.6479997023645974
3646,1.5,0.5,0.8,0.8,0.3,1,0.1,10,10,0.6908497373692704
3647,1.5,0.5,0.8,0.8,0.4,1,0.1,10,10,0.7369893439432539
3648,1.5,0.5,0.9,0.2,0.1,1,0.1,10,10,0.555342144410609
3649,1.5,0.5,0.9,0.2,0.2,1,0.1,10,10,0.5916478754641102
3650,1.5,0.5,0.9,0.2,0.3,1,0.1,10,10,0.6307562961437602
3651,1.5,0.5,0.9,0.2,0.4,1,0.1,10,10,0.6729347703163674
3652,1.5,0.5,0.9,0.4,0.1,1,0.1,10,10,0.5542218483431793
3653,1.5,0.5,0.9,0.4,0.2,1,0.1,10,10,0.5905058158144414
3654,1.5,0.5,0.9,0.4,0.3,1,0.1,10,10,0.6295743167221165
3655,1.5,0.5,0.9,0.4,0.4,1,0.1,10,10,0.6716892936249605
3656,1.5,0.5,0.9,0.6,0.1,1,0.1,10,10,0.5530456865090437
3657,1.5,0.5,0.9,0.6,0.2,1,0.1,10,10,0.5892903354400626
3658,1.5,0.5,0.9,0.6,0.3,1,0.1,10,10,0.6283008940381893
3659,1.5,0.5,0.9,0.6,0.4,1,0.1,10,10,0.6703341017797182
3660,1.5,0.5,0.9,0.8,0.1,1,0.1,10,10,0.5518253230522644
3661,1.5,0.5,0.9,0.8,0.2,1,0.1,10,10,0.5880130473339326
3662,1.5,0.5,0.9,0.8,0.3,1,0.1,10,10,0.6269479996661083
3663,1.5,0.5,0.9,0.8,0.4,1,0.1,10,10,0.6688820213325908
3664,1.5,0.5,1.0,0.2,0.1,1,0.1,10,10,0.5018650712213404
3665,1.5,0.5,1.0,0.2,0.2,1,0.1,10,10,0.534648947133877
3666,1.5,0.5,1.0,0.2,0.3,1,0.1,10,10,0.5699648245831397
3667,1.5,0.5,1.0,0.2,0.4,1,0.1,10,10,0.6080543282258284
3668,1.5,0.5,1.0,0.4,0.1,1,0.1,10,10,0.5007602319140135
3669,1.5,0.5,1.0,0.4,0.2,1,0.1,10,10,0.5335292084557343
3670,1.5,0.5,1.0,0.4,0.3,1,0.1,10,10,0.5688150731983278
3671,1.5,0.5,1.0,0.4,0.4,1,0.1,10,10,0.6068548824422612
3672,1.5,0.5,1.0,0.6,0.1,1,0.1,10,10,0.4995924902889079
3673,1.5,0.5,1.0,0.6,0.2,1,0.1,10,10,0.5323245256324214
3674,1.5,0.5,1.0,0.6,0.3,1,0.1,10,10,0.5675574922486819
3675,1.5,0.5,1.0,0.6,0.4,1,0.1,10,10,0.6055240373544973
3676,1.5,0.5,1.0,0.8,0.1,1,0.1,10,10,0.4983766607174834
3677,1.5,0.5,1.0,0.8,0.2,1,0.1,10,10,0.5310496499264667
3678,1.5,0.5,1.0,0.8,0.3,1,0.1,10,10,0.5662072479448067
3679,1.5,0.5,1.0,0.8,0.4,1,0.1,10,10,0.6040779480685143
3680,1.5,1.0,0.1,0.2,0.1,1,0.1,10,10,1.0595531166079013
3681,1.5,1.0,0.1,0.2,0.2,1,0.1,10,10,1.126336726506005
3682,1.5,1.0,0.1,0.2,0.3,1,0.1,10,10,1.198004982784239
3683,1.5,1.0,0.1,0.2,0.4,1,0.1,10,10,1.2750078387659916
3684,1.5,1.0,0.1,0.4,0.1,1,0.1,10,10,1.0592820745157283
3685,1.5,1.0,0.1,0.4,0.2,1,0.1,10,10,1.1260358504684618
3686,1.5,1.0,0.1,0.4,0.3,1,0.1,10,10,1.1976625100111962
3687,1.5,1.0,0.1,0.4,0.4,1,0.1,10,10,1.274608940301276
3688,1.5,1.0,0.1,0.6,0.1,1,0.1,10,10,1.059009900800307
3689,1.5,1.0,0.1,0.6,0.2,1,0.1,10,10,1.1257338563257375
3690,1.5,1.0,0.1,0.6,0.3,1,0.1,10,10,1.197318984988813
3691,1.5,1.0,0.1,0.6,0.4,1,0.1,10,10,1.2742091294247424
3692,1.5,1.0,0.1,0.8,0.1,1,0.1,10,10,1.0587366205509496
3693,1.5,1.0,0.1,0.8,0.2,1,0.1,10,10,1.125430773867805
3694,1.5,1.0,0.1,0.8,0.3,1,0.1,10,10,1.1969744443284889
3695,1.5,1.0,0.1,0.8,0.4,1,0.1,10,10,1.2738084521863182
3696,1.5,1.0,0.2,0.2,0.1,1,0.1,10,10,0.9921829046989028
3697,1.5,1.0,0.2,0.2,0.2,1,0.1,10,10,1.0552166397586065
3698,1.5,1.0,0.2,0.2,0.3,1,0.1,10,10,1.122905290815163
3699,1.5,1.0,0.2,0.2,0.4,1,0.1,10,10,1.1956791108549611
3700,1.5,1.0,0.2,0.4,0.1,1,0.1,10,10,0.991682845285028
3701,1.5,1.0,0.2,0.4,0.2,1,0.1,10,10,1.0546686946423125
3702,1.5,1.0,0.2,0.4,0.3,1,0.1,10,10,1.122289574639525
3703,1.5,1.0,0.2,0.4,0.4,1,0.1,10,10,1.1949704567022867
3704,1.5,1.0,0.2,0.6,0.1,1,0.1,10,10,0.991178459741596
3705,1.5,1.0,0.2,0.6,0.2,1,0.1,10,10,1.0541163077545121
3706,1.5,1.0,0.2,0.6,0.3,1,0.1,10,10,1.1216694723741256
3707,1.5,1.0,0.2,0.6,0.4,1,0.1,10,10,1.1942577177582765
3708,1.5,1.0,0.2,0.8,0.1,1,0.1,10,10,0.9906699405920016
3709,1.5,1.0,0.2,0.8,0.2,1,0.1,10,10,1.0535597000792951
3710,1.5,1.0,0.2,0.8,0.3,1,0.1,10,10,1.1210452481480362
3711,1.5,1.0,0.2,0.8,0.4,1,0.1,10,10,1.193541219455082
3712,1.5,1.0,0.3,0.2,0.1,1,0.1,10,10,0.925405101676854
3713,1.5,1.0,0.3,0.2,0.2,1,0.1,10,10,0.9846198161352059
3714,1.5,1.0,0.3,0.2,0.3,1,0.1,10,10,1.048248243230118
3715,1.5,1.0,0.3,0.2,0.4,1,0.1,10,10,1.1167001995530934
3716,1.5,1.0,0.3,0.4,0.1,1,0.1,10,10,0.9247163249907774
3717,1.5,1.0,0.3,0.4,0.2,1,0.1,10,10,0.9838745672602074
3718,1.5,1.0,0.3,0.4,0.3,1,0.1,10,10,1.0474216572448207
3719,1.5,1.0,0.3,0.4,0.4,1,0.1,10,10,1.1157606829816784
3720,1.5,1.0,0.3,0.6,0.1,1,0.1,10,10,0.924018276020868
3721,1.5,1.0,0.3,0.6,0.2,1,0.1,10,10,0.98311942048877
3722,1.5,1.0,0.3,0.6,0.3,1,0.1,10,10,1.0465848493904484
3723,1.5,1.0,0.3,0.6,0.4,1,0.1,10,10,1.1148110627472456
3724,1.5,1.0,0.3,0.8,0.1,1,0.1,10,10,0.9233115752997108
3725,1.5,1.0,0.3,0.8,0.2,1,0.1,10,10,0.9823550655032736
3726,1.5,1.0,0.3,0.8,0.3,1,0.1,10,10,1.0457386209312975
3727,1.5,1.0,0.3,0.8,0.4,1,0.1,10,10,1.1138523042369424
3728,1.5,1.0,0.4,0.2,0.1,1,0.1,10,10,0.8595482173632149
3729,1.5,1.0,0.4,0.2,0.2,1,0.1,10,10,0.91489756914695
3730,1.5,1.0,0.4,0.2,0.3,1,0.1,10,10,0.9744086101269536
3731,1.5,1.0,0.4,0.2,0.4,1,0.1,10,10,1.0384698083637478
3732,1.5,1.0,0.4,0.4,0.1,1,0.1,10,10,0.8587088625584678
3733,1.5,1.0,0.4,0.4,0.2,1,0.1,10,10,0.9140003627343966
3734,1.5,1.0,0.4,0.4,0.3,1,0.1,10,10,0.9734263152848041
3735,1.5,1.0,0.4,0.4,0.4,1,0.1,10,10,1.0373676814126669
3736,1.5,1.0,0.4,0.6,0.1,1,0.1,10,10,0.8578538685245357
3737,1.5,1.0,0.4,0.6,0.2,1,0.1,10,10,0.9130858051005896
3738,1.5,1.0,0.4,0.6,0.3,1,0.1,10,10,0.9724253517000404
3739,1.5,1.0,0.4,0.6,0.4,1,0.1,10,10,1.036246167752573
3740,1.5,1.0,0.4,0.8,0.1,1,0.1,10,10,0.8569846340061548
3741,1.5,1.0,0.4,0.8,0.2,1,0.1,10,10,0.9121554054643964
3742,1.5,1.0,0.4,0.8,0.3,1,0.1,10,10,0.9714074243854122
3743,1.5,1.0,0.4,0.8,0.4,1,0.1,10,10,1.035107273872606
3744,1.5,1.0,0.5,0.2,0.1,1,0.1,10,10,0.7949538199468513
3745,1.5,1.0,0.5,0.2,0.2,1,0.1,10,10,0.8464180773209931
3746,1.5,1.0,0.5,0.2,0.3,1,0.1,10,10,0.9017824725480208
3747,1.5,1.0,0.5,0.2,0.4,1,0.1,10,10,0.961413105561192
3748,1.5,1.0,0.5,0.4,0.1,1,0.1,10,10,0.7939994674080645
3749,1.5,1.0,0.5,0.4,0.2,1,0.1,10,10,0.8454095864898052
3750,1.5,1.0,0.5,0.4,0.3,1,0.1,10,10,0.9006922936198702
3751,1.5,1.0,0.5,0.4,0.4,1,0.1,10,10,0.9602059591963988
3752,1.5,1.0,0.5,0.6,0.1,1,0.1,10,10,0.7930220419379204
3753,1.5,1.0,0.5,0.6,0.2,1,0.1,10,10,0.8443745171404139
3754,1.5,1.0,0.5,0.6,0.3,1,0.1,10,10,0.8995724429579305
3755,1.5,1.0,0.5,0.6,0.4,1,0.1,10,10,0.9589667159644784
3756,1.5,1.0,0.5,0.8,0.1,1,0.1,10,10,0.7920241305872858
3757,1.5,1.0,0.5,0.8,0.2,1,0.1,10,10,0.8433155887722794
3758,1.5,1.0,0.5,0.8,0.3,1,0.1,10,10,0.8984259128811622
3759,1.5,1.0,0.5,0.8,0.4,1,0.1,10,10,0.9576988147062956
3760,1.5,1.0,0.6,0.2,0.1,1,0.1,10,10,0.7319674223783678
3761,1.5,1.0,0.6,0.2,0.2,1,0.1,10,10,0.7795565520821954
3762,1.5,1.0,0.6,0.2,0.3,1,0.1,10,10,0.8307766779467596
3763,1.5,1.0,0.6,0.2,0.4,1,0.1,10,10,0.8859704947872817
3764,1.5,1.0,0.6,0.4,0.1,1,0.1,10,10,0.7309307518046185
3765,1.5,1.0,0.6,0.4,0.2,1,0.1,10,10,0.7784726561715222
3766,1.5,1.0,0.6,0.4,0.3,1,0.1,10,10,0.829619217598258
3767,1.5,1.0,0.6,0.4,0.4,1,0.1,10,10,0.8847056138425243
3768,1.5,1.0,0.6,0.6,0.1,1,0.1,10,10,0.7298628836797745
3769,1.5,1.0,0.6,0.6,0.2,1,0.1,10,10,0.7773515057430059
3770,1.5,1.0,0.6,0.6,0.3,1,0.1,10,10,0.8284187787369403
3771,1.5,1.0,0.6,0.6,0.4,1,0.1,10,10,0.8833926474745659
3772,1.5,1.0,0.6,0.8,0.1,1,0.1,10,10,0.7287680336523266
3773,1.5,1.0,0.6,0.8,0.2,1,0.1,10,10,0.7761974373343127
3774,1.5,1.0,0.6,0.8,0.3,1,0.1,10,10,0.8271800222853491
3775,1.5,1.0,0.6,0.8,0.4,1,0.1,10,10,0.8820368321558656
3776,1.5,1.0,0.7,0.2,0.1,1,0.1,10,10,0.6709282718807403
3777,1.5,1.0,0.7,0.2,0.2,1,0.1,10,10,0.7146840317882495
3778,1.5,1.0,0.7,0.2,0.3,1,0.1,10,10,0.7617965888360306
3779,1.5,1.0,0.7,0.2,0.4,1,0.1,10,10,0.8125842823604164
3780,1.5,1.0,0.7,0.4,0.1,1,0.1,10,10,0.6698387913624254
3781,1.5,1.0,0.7,0.4,0.2,1,0.1,10,10,0.7135558286265623
3782,1.5,1.0,0.7,0.4,0.3,1,0.1,10,10,0.7606055627197303
3783,1.5,1.0,0.7,0.4,0.4,1,0.1,10,10,0.8112993429020434
3784,1.5,1.0,0.7,0.6,0.1,1,0.1,10,10,0.6687096883525575
3785,1.5,1.0,0.7,0.6,0.2,1,0.1,10,10,0.7123786727814688
3786,1.5,1.0,0.7,0.6,0.3,1,0.1,10,10,0.7593564045248977
3787,1.5,1.0,0.7,0.6,0.4,1,0.1,10,10,0.809947529165071
3788,1.5,1.0,0.7,0.8,0.1,1,0.1,10,10,0.6675472487211668
3789,1.5,1.0,0.7,0.8,0.2,1,0.1,10,10,0.7111589243684817
3790,1.5,1.0,0.7,0.8,0.3,1,0.1,10,10,0.7580558195247887
3791,1.5,1.0,0.7,0.8,0.4,1,0.1,10,10,0.8085362244902682
3792,1.5,1.0,0.8,0.2,0.1,1,0.1,10,10,0.6121586163552347
3793,1.5,1.0,0.8,0.2,0.2,1,0.1,10,10,0.65215543049657
3794,1.5,1.0,0.8,0.2,0.3,1,0.1,10,10,0.6952328061566424
3795,1.5,1.0,0.8,0.2,0.4,1,0.1,10,10,0.7416839705376173
3796,1.5,1.0,0.8,0.4,0.1,1,0.1,10,10,0.6110424736096687
3797,1.5,1.0,0.8,0.4,0.2,1,0.1,10,10,0.6510093711946019
3798,1.5,1.0,0.8,0.4,0.3,1,0.1,10,10,0.6940355630865425
3799,1.5,1.0,0.8,0.4,0.4,1,0.1,10,10,0.7404080145493267
3800,1.5,1.0,0.8,0.6,0.1,1,0.1,10,10,0.6098783758914953
3801,1.5,1.0,0.8,0.6,0.2,1,0.1,10,10,0.6498021500820683
3802,1.5,1.0,0.8,0.6,0.3,1,0.1,10,10,0.6927638281390628
3803,1.5,1.0,0.8,0.6,0.4,1,0.1,10,10,0.7390443764773766
3804,1.5,1.0,0.8,0.8,0.1,1,0.1,10,10,0.6086750947136235
3805,1.5,1.0,0.8,0.8,0.2,1,0.1,10,10,0.6485425452685742
3806,1.5,1.0,0.8,0.8,0.3,1,0.1,10,10,0.6914267259407934
3807,1.5,1.0,0.8,0.8,0.4,1,0.1,10,10,0.7376029425929935
3808,1.5,1.0,0.9,0.2,0.1,1,0.1,10,10,0.5559531314718771
3809,1.5,1.0,0.9,0.2,0.2,1,0.1,10,10,0.592297612681904
3810,1.5,1.0,0.9,0.2,0.3,1,0.1,10,10,0.6314477326887492
3811,1.5,1.0,0.9,0.2,0.4,1,0.1,10,10,0.6736711409737399
3812,1.5,1.0,0.9,0.4,0.1,1,0.1,10,10,0.5548330136513858
3813,1.5,1.0,0.9,0.4,0.2,1,0.1,10,10,0.5911557400964033
3814,1.5,1.0,0.9,0.4,0.3,1,0.1,10,10,0.6302659092862133
3815,1.5,1.0,0.9,0.4,0.4,1,0.1,10,10,0.6724257386133431
3816,1.5,1.0,0.9,0.6,0.1,1,0.1,10,10,0.5536570788613077
3817,1.5,1.0,0.9,0.6,0.2,1,0.1,10,10,0.5899405506391596
3818,1.5,1.0,0.9,0.6,0.3,1,0.1,10,10,0.6289928045396755
3819,1.5,1.0,0.9,0.6,0.4,1,0.1,10,10,0.6710708443982989
3820,1.5,1.0,0.9,0.8,0.1,1,0.1,10,10,0.5524369477175262
3821,1.5,1.0,0.9,0.8,0.2,1,0.1,10,10,0.588663611360792
3822,1.5,1.0,0.9,0.8,0.3,1,0.1,10,10,0.6276403409009563
3823,1.5,1.0,0.9,0.8,0.4,1,0.1,10,10,0.6696192317479817
3824,1.5,1.0,1.0,0.2,0.1,1,0.1,10,10,0.5025692374914855
3825,1.5,1.0,1.0,0.2,0.2,1,0.1,10,10,0.5353983330796269
3826,1.5,1.0,1.0,0.2,0.3,1,0.1,10,10,0.5707629408118178
3827,1.5,1.0,1.0,0.2,0.4,1,0.1,10,10,0.6089050332808471
3828,1.5,1.0,1.0,0.4,0.1,1,0.1,10,10,0.5014643608275648
3829,1.5,1.0,1.0,0.4,0.2,1,0.1,10,10,0.534278599728207
3830,1.5,1.0,1.0,0.4,0.3,1,0.1,10,10,0.5696131927912511
3831,1.5,1.0,1.0,0.4,0.4,1,0.1,10,10,0.607705531277783
3832,1.5,1.0,1.0,0.6,0.1,1,0.1,10,10,0.5002966196620734
3833,1.5,1.0,1.0,0.6,0.2,1,0.1,10,10,0.5330740263479755
3834,1.5,1.0,1.0,0.6,0.3,1,0.1,10,10,0.5683557895047047
3835,1.5,1.0,1.0,0.6,0.4,1,0.1,10,10,0.6063748788328317
3836,1.5,1.0,1.0,0.8,0.1,1,0.1,10,10,0.4990807717966825
3837,1.5,1.0,1.0,0.8,0.2,1,0.1,10,10,0.5317993025129135
3838,1.5,1.0,1.0,0.8,0.3,1,0.1,10,10,0.5670058294510377
3839,1.5,1.0,1.0,0.8,0.4,1,0.1,10,10,0.6049291563739151
3840,1.5,1.5,0.1,0.2,0.1,1,0.1,10,10,1.0595419276755922
3841,1.5,1.5,0.1,0.2,0.2,1,0.1,10,10,1.12632434252209
3842,1.5,1.5,0.1,0.2,0.3,1,0.1,10,10,1.1979912602542602
3843,1.5,1.5,0.1,0.2,0.4,1,0.1,10,10,1.274992614832701
3844,1.5,1.5,0.1,0.4,0.1,1,0.1,10,10,1.0592709615144331
3845,1.5,1.5,0.1,0.4,0.2,1,0.1,10,10,1.126023562959634
3846,1.5,1.5,0.1,0.4,0.3,1,0.1,10,10,1.1976489209432342
3847,1.5,1.5,0.1,0.4,0.4,1,0.1,10,10,1.274593908014096
3848,1.5,1.5,0.1,0.6,0.1,1,0.1,10,10,1.0589988660334204
3849,1.5,1.5,0.1,0.6,0.2,1,0.1,10,10,1.1257216678407285
3850,1.5,1.5,0.1,0.6,0.3,1,0.1,10,10,1.1973055322625987
3851,1.5,1.5,0.1,0.6,0.4,1,0.1,10,10,1.2741942920872975
3852,1.5,1.5,0.1,0.8,0.1,1,0.1,10,10,1.0587256662976403
3853,1.5,1.5,0.1,0.8,0.2,1,0.1,10,10,1.1254186869231717
3854,1.5,1.5,0.1,0.8,0.3,1,0.1,10,10,1.1969611307788142
3855,1.5,1.5,0.1,0.8,0.4,1,0.1,10,10,1.2737938130381798
3856,1.5,1.5,0.2,0.2,0.1,1,0.1,10,10,0.992202684078676
3857,1.5,1.5,0.2,0.2,0.2,1,0.1,10,10,1.0552365711762766
3858,1.5,1.5,0.2,0.2,0.3,1,0.1,10,10,1.1229252686395486
3859,1.5,1.5,0.2,0.2,0.4,1,0.1,10,10,1.195699008009989
3860,1.5,1.5,0.2,0.4,0.1,1,0.1,10,10,0.9917028691184148
3861,1.5,1.5,0.2,0.4,0.2,1,0.1,10,10,1.0546889000505777
3862,1.5,1.5,0.2,0.4,0.3,1,0.1,10,10,1.1223098825735067
3863,1.5,1.5,0.2,0.4,0.4,1,0.1,10,10,1.1949907748614441
3864,1.5,1.5,0.2,0.6,0.1,1,0.1,10,10,0.991198737250538
3865,1.5,1.5,0.2,0.6,0.2,1,0.1,10,10,1.054136797350926
3866,1.5,1.5,0.2,0.6,0.3,1,0.1,10,10,1.1216901217310693
3867,1.5,1.5,0.2,0.6,0.4,1,0.1,10,10,1.194278469467681
3868,1.5,1.5,0.2,0.8,0.1,1,0.1,10,10,0.9906904806386526
3869,1.5,1.5,0.2,0.8,0.2,1,0.1,10,10,1.053580483644132
3870,1.5,1.5,0.2,0.8,0.3,1,0.1,10,10,1.121066249727212
3871,1.5,1.5,0.2,0.8,0.4,1,0.1,10,10,1.1935624165988519
3872,1.5,1.5,0.3,0.2,0.1,1,0.1,10,10,0.9254945194954344
3873,1.5,1.5,0.3,0.2,0.2,1,0.1,10,10,0.9847132197470546
3874,1.5,1.5,0.3,0.2,0.3,1,0.1,10,10,1.048345755412198
3875,1.5,1.5,0.3,0.2,0.4,1,0.1,10,10,1.116801937992553
3876,1.5,1.5,0.3,0.4,0.1,1,0.1,10,10,0.924806187782222
3877,1.5,1.5,0.3,0.4,0.2,1,0.1,10,10,0.9839684399510552
3878,1.5,1.5,0.3,0.4,0.3,1,0.1,10,10,1.047519690832836
3879,1.5,1.5,0.3,0.4,0.4,1,0.1,10,10,1.1158630328621462
3880,1.5,1.5,0.3,0.6,0.1,1,0.1,10,10,0.9241086041904516
3881,1.5,1.5,0.3,0.6,0.2,1,0.1,10,10,0.9832137855886802
3882,1.5,1.5,0.3,0.6,0.3,1,0.1,10,10,1.0466834307099722
3883,1.5,1.5,0.3,0.6,0.4,1,0.1,10,10,1.1149140533461517
3884,1.5,1.5,0.3,0.8,0.1,1,0.1,10,10,0.9234023875719723
3885,1.5,1.5,0.3,0.8,0.2,1,0.1,10,10,0.9824499445147288
3886,1.5,1.5,0.3,0.8,0.3,1,0.1,10,10,1.045837774208208
3887,1.5,1.5,0.3,0.8,0.4,1,0.1,10,10,1.1139559622993067
3888,1.5,1.5,0.4,0.2,0.1,1,0.1,10,10,0.8597409326025882
3889,1.5,1.5,0.4,0.2,0.2,1,0.1,10,10,0.9151004100313072
3890,1.5,1.5,0.4,0.2,0.3,1,0.1,10,10,0.9746221183645756
3891,1.5,1.5,0.4,0.2,0.4,1,0.1,10,10,1.0386945562135992
3892,1.5,1.5,0.4,0.4,0.1,1,0.1,10,10,0.8589022040699374
3893,1.5,1.5,0.4,0.4,0.2,1,0.1,10,10,0.9142038370922908
3894,1.5,1.5,0.4,0.4,0.3,1,0.1,10,10,0.9736404854036758
3895,1.5,1.5,0.4,0.4,0.4,1,0.1,10,10,1.0375931490870858
3896,1.5,1.5,0.4,0.6,0.1,1,0.1,10,10,0.8580478712392479
3897,1.5,1.5,0.4,0.6,0.2,1,0.1,10,10,0.9132899552864936
3898,1.5,1.5,0.4,0.6,0.3,1,0.1,10,10,0.9726402334767208
3899,1.5,1.5,0.4,0.6,0.4,1,0.1,10,10,1.0364724122174758
3900,1.5,1.5,0.4,0.8,0.1,1,0.1,10,10,0.8571793279930278
3901,1.5,1.5,0.4,0.8,0.2,1,0.1,10,10,0.9123602687504304
3902,1.5,1.5,0.4,0.8,0.3,1,0.1,10,10,0.9716230620296816
3903,1.5,1.5,0.4,0.8,0.4,1,0.1,10,10,1.03533434570839
3904,1.5,1.5,0.5,0.2,0.1,1,0.1,10,10,0.7952771224445827
3905,1.5,1.5,0.5,0.2,0.2,1,0.1,10,10,0.8467596422763429
3906,1.5,1.5,0.5,0.2,0.3,1,0.1,10,10,0.902143439277688
3907,1.5,1.5,0.5,0.2,0.4,1,0.1,10,10,0.9617946988894792
3908,1.5,1.5,0.5,0.4,0.1,1,0.1,10,10,0.7943235184922859
3909,1.5,1.5,0.5,0.4,0.2,1,0.1,10,10,0.8457518857563691
3910,1.5,1.5,0.5,0.4,0.3,1,0.1,10,10,0.9010539874821408
3911,1.5,1.5,0.5,0.4,0.4,1,0.1,10,10,0.9605882844914176
3912,1.5,1.5,0.5,0.6,0.1,1,0.1,10,10,0.7933468928160826
3913,1.5,1.5,0.5,0.6,0.2,1,0.1,10,10,0.8447176177378115
3914,1.5,1.5,0.5,0.6,0.3,1,0.1,10,10,0.8999349469321389
3915,1.5,1.5,0.5,0.6,0.4,1,0.1,10,10,0.9593498720028314
3916,1.5,1.5,0.5,0.8,0.1,1,0.1,10,10,0.7923498216967672
3917,1.5,1.5,0.5,0.8,0.2,1,0.1,10,10,0.8436595467221923
3918,1.5,1.5,0.5,0.8,0.3,1,0.1,10,10,0.8987892982804931
3919,1.5,1.5,0.5,0.8,0.4,1,0.1,10,10,0.9580828873828352
3920,1.5,1.5,0.6,0.2,0.1,1,0.1,10,10,0.7324411581607393
3921,1.5,1.5,0.6,0.2,0.2,1,0.1,10,10,0.7800582554828193
3922,1.5,1.5,0.6,0.2,0.3,1,0.1,10,10,0.8313082394244121
3923,1.5,1.5,0.6,0.2,0.4,1,0.1,10,10,0.8865339632920449
3924,1.5,1.5,0.6,0.4,0.1,1,0.1,10,10,0.7314052723749918
3925,1.5,1.5,0.6,0.4,0.2,1,0.1,10,10,0.7789751126732657
3926,1.5,1.5,0.6,0.4,0.3,1,0.1,10,10,0.8301514891025441
3927,1.5,1.5,0.6,0.4,0.4,1,0.1,10,10,0.8852697377609332
3928,1.5,1.5,0.6,0.6,0.1,1,0.1,10,10,0.7303382559816537
3929,1.5,1.5,0.6,0.6,0.2,1,0.1,10,10,0.7778548111486415
3930,1.5,1.5,0.6,0.6,0.3,1,0.1,10,10,0.8289518856483229
3931,1.5,1.5,0.6,0.6,0.4,1,0.1,10,10,0.8839575821965827
3932,1.5,1.5,0.6,0.8,0.1,1,0.1,10,10,0.7292443045602603
3933,1.5,1.5,0.6,0.8,0.2,1,0.1,10,10,0.7767016671510716
3934,1.5,1.5,0.6,0.8,0.3,1,0.1,10,10,0.8277140688300333
3935,1.5,1.5,0.6,0.8,0.4,1,0.1,10,10,0.8826027102911488
3936,1.5,1.5,0.7,0.2,0.1,1,0.1,10,10,0.6715641545924731
3937,1.5,1.5,0.7,0.2,0.2,1,0.1,10,10,0.7153586300190584
3938,1.5,1.5,0.7,0.2,0.3,1,0.1,10,10,0.7625126594909762
3939,1.5,1.5,0.7,0.2,0.4,1,0.1,10,10,0.8133448288756908
3940,1.5,1.5,0.7,0.4,0.1,1,0.1,10,10,0.6704753946569371
3941,1.5,1.5,0.7,0.4,0.2,1,0.1,10,10,0.7142311105796048
3942,1.5,1.5,0.7,0.4,0.3,1,0.1,10,10,0.7613222492055359
3943,1.5,1.5,0.7,0.4,0.4,1,0.1,10,10,0.8120604002987796
3944,1.5,1.5,0.7,0.6,0.1,1,0.1,10,10,0.6693470914783829
3945,1.5,1.5,0.7,0.6,0.2,1,0.1,10,10,0.7130547640238857
3946,1.5,1.5,0.7,0.6,0.3,1,0.1,10,10,0.7600738805172447
3947,1.5,1.5,0.7,0.6,0.4,1,0.1,10,10,0.8107093208890283
3948,1.5,1.5,0.7,0.8,0.1,1,0.1,10,10,0.6681854978659868
3949,1.5,1.5,0.7,0.8,0.2,1,0.1,10,10,0.7118359169410166
3950,1.5,1.5,0.7,0.8,0.3,1,0.1,10,10,0.7587742238810515
3951,1.5,1.5,0.7,0.8,0.4,1,0.1,10,10,0.8092989369050068
3952,1.5,1.5,0.8,0.2,0.1,1,0.1,10,10,0.6129599968682041
3953,1.5,1.5,0.8,0.2,0.2,1,0.1,10,10,0.653006729453821
3954,1.5,1.5,0.8,0.2,0.3,1,0.1,10,10,0.6961377130550459
3955,1.5,1.5,0.8,0.2,0.4,1,0.1,10,10,0.7426465197195484
3956,1.5,1.5,0.8,0.4,0.1,1,0.1,10,10,0.6118444078597277
3957,1.5,1.5,0.8,0.4,0.2,1,0.1,10,10,0.6518611999070795
3958,1.5,1.5,0.8,0.4,0.3,1,0.1,10,10,0.6949409270297601
3959,1.5,1.5,0.8,0.4,0.4,1,0.1,10,10,0.7413708874890931
3960,1.5,1.5,0.8,0.6,0.1,1,0.1,10,10,0.6106809488097313
3961,1.5,1.5,0.8,0.6,0.2,1,0.1,10,10,0.6506546601681489
3962,1.5,1.5,0.8,0.6,0.3,1,0.1,10,10,0.6936698707470754
3963,1.5,1.5,0.8,0.6,0.4,1,0.1,10,10,0.7400078682223155
3964,1.5,1.5,0.8,0.8,0.1,1,0.1,10,10,0.6094783416560516
3965,1.5,1.5,0.8,0.8,0.2,1,0.1,10,10,0.649395837389677
3966,1.5,1.5,0.8,0.8,0.3,1,0.1,10,10,0.6923336154393283
3967,1.5,1.5,0.8,0.8,0.4,1,0.1,10,10,0.7385672912035173
3968,1.5,1.5,0.9,0.2,0.1,1,0.1,10,10,0.5569152612188764
3969,1.5,1.5,0.9,0.2,0.2,1,0.1,10,10,0.5933207107028142
3970,1.5,1.5,0.9,0.2,0.3,1,0.1,10,10,0.6325364319816472
3971,1.5,1.5,0.9,0.2,0.4,1,0.1,10,10,0.6748305214922605
3972,1.5,1.5,0.9,0.4,0.1,1,0.1,10,10,0.5557954359537853
3973,1.5,1.5,0.9,0.4,0.2,1,0.1,10,10,0.5921791400453784
3974,1.5,1.5,0.9,0.4,0.3,1,0.1,10,10,0.6313548577010673
3975,1.5,1.5,0.9,0.4,0.4,1,0.1,10,10,0.6735852365901954
3976,1.5,1.5,0.9,0.6,0.1,1,0.1,10,10,0.5546198744502342
3977,1.5,1.5,0.9,0.6,0.2,1,0.1,10,10,0.5909644208384683
3978,1.5,1.5,0.9,0.6,0.3,1,0.1,10,10,0.6300822627907509
3979,1.5,1.5,0.9,0.6,0.4,1,0.1,10,10,0.6722308184280585
3980,1.5,1.5,0.9,0.8,0.1,1,0.1,10,10,0.5534001285168113
3981,1.5,1.5,0.9,0.8,0.2,1,0.1,10,10,0.5896880476906615
3982,1.5,1.5,0.9,0.8,0.3,1,0.1,10,10,0.6287304923319667
3983,1.5,1.5,0.9,0.8,0.4,1,0.1,10,10,0.6707799568052402
3984,1.5,1.5,1.0,0.2,0.1,1,0.1,10,10,0.5036800028597741
3985,1.5,1.5,1.0,0.2,0.2,1,0.1,10,10,0.5365803848908485
3986,1.5,1.5,1.0,0.2,0.3,1,0.1,10,10,0.5720218067777699
3987,1.5,1.5,1.0,0.2,0.4,1,0.1,10,10,0.610246790194231
3988,1.5,1.5,1.0,0.4,0.1,1,0.1,10,10,0.5025750796096784
3989,1.5,1.5,1.0,0.4,0.2,1,0.1,10,10,0.5354606668716352
3990,1.5,1.5,1.0,0.4,0.3,1,0.1,10,10,0.5708720656392535
3991,1.5,1.5,1.0,0.4,0.4,1,0.1,10,10,0.6090471971755542
3992,1.5,1.5,1.0,0.6,0.1,1,0.1,10,10,0.5014073559814829
3993,1.5,1.5,1.0,0.6,0.2,1,0.1,10,10,0.5342562786369476
3994,1.5,1.5,1.0,0.6,0.3,1,0.1,10,10,0.5696149508957695
3995,1.5,1.5,1.0,0.6,0.4,1,0.1,10,10,0.6077168700467392
3996,1.5,1.5,1.0,0.8,0.1,1,0.1,10,10,0.5001915002528299
3997,1.5,1.5,1.0,0.8,0.2,1,0.1,10,10,0.5329818303254108
3998,1.5,1.5,1.0,0.8,0.3,1,0.1,10,10,0.5682654811398399
3999,1.5,1.5,1.0,0.8,0.4,1,0.1,10,10,0.6062717461892867
4000,1.5,2.0,0.1,0.2,0.1,1,0.1,10,10,1.0595255312689993
4001,1.5,2.0,0.1,0.2,0.2,1,0.1,10,10,1.1263062565202484
4002,1.5,2.0,0.1,0.2,0.3,1,0.1,10,10,1.1979712853869775
4003,1.5,2.0,0.1,0.2,0.4,1,0.1,10,10,1.274970525109019
4004,1.5,2.0,0.1,0.4,0.1,1,0.1,10,10,1.059254664004596
4005,1.5,2.0,0.1,0.4,0.2,1,0.1,10,10,1.1260056034480743
4006,1.5,2.0,0.1,0.4,0.3,1,0.1,10,10,1.197629122414571
4007,1.5,2.0,0.1,0.4,0.4,1,0.1,10,10,1.2745720731626409
4008,1.5,2.0,0.1,0.6,0.1,1,0.1,10,10,1.058982670528039
4009,1.5,2.0,0.1,0.6,0.2,1,0.1,10,10,1.1257038382623556
4010,1.5,2.0,0.1,0.6,0.3,1,0.1,10,10,1.1972859139695995
4011,1.5,2.0,0.1,0.6,0.4,1,0.1,10,10,1.2741727165888743
4012,1.5,2.0,0.1,0.8,0.1,1,0.1,10,10,1.0587095758730407
4013,1.5,2.0,0.1,0.8,0.2,1,0.1,10,10,1.1254009906789295
4014,1.5,2.0,0.1,0.8,0.3,1,0.1,10,10,1.196941696559528
4015,1.5,2.0,0.1,0.8,0.4,1,0.1,10,10,1.2737725012890388
4016,1.5,2.0,0.2,0.2,0.1,1,0.1,10,10,0.9922246353065886
4017,1.5,2.0,0.2,0.2,0.2,1,0.1,10,10,1.0552584469680624
4018,1.5,2.0,0.2,0.2,0.3,1,0.1,10,10,1.1229469062736597
4019,1.5,2.0,0.2,0.2,0.4,1,0.1,10,10,1.1957202137897645
4020,1.5,2.0,0.2,0.4,0.1,1,0.1,10,10,0.99172513819918
4021,1.5,2.0,0.2,0.4,0.2,1,0.1,10,10,1.054711133194825
4022,1.5,2.0,0.2,0.4,0.3,1,0.1,10,10,1.1223319531731164
4023,1.5,2.0,0.2,0.4,0.4,1,0.1,10,10,1.1950125364432302
4024,1.5,2.0,0.2,0.6,0.1,1,0.1,10,10,0.991221336593576
4025,1.5,2.0,0.2,0.6,0.2,1,0.1,10,10,1.0541594015825986
4026,1.5,2.0,0.2,0.6,0.3,1,0.1,10,10,1.121712640566508
4027,1.5,2.0,0.2,0.6,0.4,1,0.1,10,10,1.194300803841546
4028,1.5,2.0,0.2,0.8,0.1,1,0.1,10,10,0.99071342218777
4029,1.5,2.0,0.2,0.8,0.2,1,0.1,10,10,1.0536034721566998
4030,1.5,2.0,0.2,0.8,0.3,1,0.1,10,10,1.1210892313989975
4031,1.5,2.0,0.2,0.8,0.4,1,0.1,10,10,1.1935853398885208
4032,1.5,2.0,0.3,0.2,0.1,1,0.1,10,10,0.9256050312752444
4033,1.5,2.0,0.3,0.2,0.2,1,0.1,10,10,0.9848285012044692
4034,1.5,2.0,0.3,0.2,0.3,1,0.1,10,10,1.0484659280702808
4035,1.5,2.0,0.3,0.2,0.4,1,0.1,10,10,1.1169271121117552
4036,1.5,2.0,0.3,0.4,0.1,1,0.1,10,10,0.924917278061094
4037,1.5,2.0,0.3,0.4,0.2,1,0.1,10,10,0.9840843320380168
4038,1.5,2.0,0.3,0.4,0.3,1,0.1,10,10,1.047640545005329
4039,1.5,2.0,0.3,0.4,0.4,1,0.1,10,10,1.1159890110990578
4040,1.5,2.0,0.3,0.6,0.1,1,0.1,10,10,0.9242203003804066
4041,1.5,2.0,0.3,0.6,0.2,1,0.1,10,10,0.9833303196293496
4042,1.5,2.0,0.3,0.6,0.3,1,0.1,10,10,1.0468050017808002
4043,1.5,2.0,0.3,0.6,0.4,1,0.1,10,10,1.1150408751532541
4044,1.5,2.0,0.3,0.8,0.1,1,0.1,10,10,0.9235147149112266
4045,1.5,2.0,0.3,0.8,0.2,1,0.1,10,10,0.9825671494671372
4046,1.5,2.0,0.3,0.8,0.3,1,0.1,10,10,1.0459600948362535
4047,1.5,2.0,0.3,0.8,0.4,1,0.1,10,10,1.114083663831115
4048,1.5,2.0,0.4,0.2,0.1,1,0.1,10,10,0.8599837750660679
4049,1.5,2.0,0.4,0.2,0.2,1,0.1,10,10,0.9153558670937836
4050,1.5,2.0,0.4,0.2,0.3,1,0.1,10,10,0.9748908436909596
4051,1.5,2.0,0.4,0.2,0.4,1,0.1,10,10,1.0389772370106811
4052,1.5,2.0,0.4,0.4,0.1,1,0.1,10,10,0.8591458612945794
4053,1.5,2.0,0.4,0.4,0.2,1,0.1,10,10,0.9144601183249208
4054,1.5,2.0,0.4,0.4,0.3,1,0.1,10,10,0.9739100743058208
4055,1.5,2.0,0.4,0.4,0.4,1,0.1,10,10,1.0378767744570945
4056,1.5,2.0,0.4,0.6,0.1,1,0.1,10,10,0.8582923901198821
4057,1.5,2.0,0.4,0.6,0.2,1,0.1,10,10,0.9135471173942259
4058,1.5,2.0,0.4,0.6,0.3,1,0.1,10,10,0.9729107525550588
4059,1.5,2.0,0.4,0.6,0.4,1,0.1,10,10,1.0367570584560777
4060,1.5,2.0,0.4,0.8,0.1,1,0.1,10,10,0.8574247491385202
4061,1.5,2.0,0.4,0.8,0.2,1,0.1,10,10,0.9126183618676732
4062,1.5,2.0,0.4,0.8,0.3,1,0.1,10,10,0.9718945706783649
4063,1.5,2.0,0.4,0.8,0.4,1,0.1,10,10,1.0356200808239269
4064,1.5,2.0,0.5,0.2,0.1,1,0.1,10,10,0.795687922078364
4065,1.5,2.0,0.5,0.2,0.2,1,0.1,10,10,0.8471935074541908
4066,1.5,2.0,0.5,0.2,0.3,1,0.1,10,10,0.9026017889066372
4067,1.5,2.0,0.5,0.2,0.4,1,0.1,10,10,0.9622790554158772
4068,1.5,2.0,0.5,0.4,0.1,1,0.1,10,10,0.7947352935069495
4069,1.5,2.0,0.5,0.4,0.2,1,0.1,10,10,0.8461867066614941
4070,1.5,2.0,0.5,0.4,0.3,1,0.1,10,10,0.9015132850453188
4071,1.5,2.0,0.5,0.4,0.4,1,0.1,10,10,0.9610736002736454
4072,1.5,2.0,0.5,0.6,0.1,1,0.1,10,10,0.7937597119935141
4073,1.5,2.0,0.5,0.6,0.2,1,0.1,10,10,0.8451534839070329
4074,1.5,2.0,0.5,0.6,0.3,1,0.1,10,10,0.9003953030290647
4075,1.5,2.0,0.5,0.6,0.4,1,0.1,10,10,0.9598362786278954
4076,1.5,2.0,0.5,0.8,0.1,1,0.1,10,10,0.7927637398963776
4077,1.5,2.0,0.5,0.8,0.2,1,0.1,10,10,0.8440965334861288
4078,1.5,2.0,0.5,0.8,0.3,1,0.1,10,10,0.8992508084355968
4079,1.5,2.0,0.5,0.8,0.4,1,0.1,10,10,0.95857049976389
4080,1.5,2.0,0.6,0.2,0.1,1,0.1,10,10,0.7330460505970396
4081,1.5,2.0,0.6,0.2,0.2,1,0.1,10,10,0.7806987252911035
4082,1.5,2.0,0.6,0.2,0.3,1,0.1,10,10,0.8319866721524045
4083,1.5,2.0,0.6,0.2,0.4,1,0.1,10,10,0.8872529416437441
4084,1.5,2.0,0.6,0.4,0.1,1,0.1,10,10,0.7320111901270304
4085,1.5,2.0,0.6,0.4,0.2,1,0.1,10,10,0.779616563997492
4086,1.5,2.0,0.6,0.4,0.3,1,0.1,10,10,0.8308308474077539
4087,1.5,2.0,0.6,0.4,0.4,1,0.1,10,10,0.8859895743282071
4088,1.5,2.0,0.6,0.6,0.1,1,0.1,10,10,0.7309452891510494
4089,1.5,2.0,0.6,0.6,0.2,1,0.1,10,10,0.778497371845772
4090,1.5,2.0,0.6,0.6,0.3,1,0.1,10,10,0.8296323362152002
4091,1.5,2.0,0.6,0.6,0.4,1,0.1,10,10,0.8846784832142149
4092,1.5,2.0,0.6,0.8,0.1,1,0.1,10,10,0.7298525172983001
4093,1.5,2.0,0.6,0.8,0.2,1,0.1,10,10,0.7773454388723805
4094,1.5,2.0,0.6,0.8,0.3,1,0.1,10,10,0.8283957510411724
4095,1.5,2.0,0.6,0.8,0.4,1,0.1,10,10,0.8833248525706606
4096,1.5,2.0,0.7,0.2,0.1,1,0.1,10,10,0.6723789156715783
4097,1.5,2.0,0.7,0.2,0.2,1,0.1,10,10,0.7162228725201899
4098,1.5,2.0,0.7,0.2,0.3,1,0.1,10,10,0.7634298885974248
4099,1.5,2.0,0.7,0.2,0.4,1,0.1,10,10,0.8143188604546988
4100,1.5,2.0,0.7,0.4,0.1,1,0.1,10,10,0.6712911016521944
4101,1.5,2.0,0.7,0.4,0.2,1,0.1,10,10,0.7150962466671946
4102,1.5,2.0,0.7,0.4,0.3,1,0.1,10,10,0.7622402817163314
4103,1.5,2.0,0.7,0.4,0.4,1,0.1,10,10,0.8130351003241912
4104,1.5,2.0,0.7,0.6,0.1,1,0.1,10,10,0.6701638514960424
4105,1.5,2.0,0.7,0.6,0.2,1,0.1,10,10,0.7139209613356046
4106,1.5,2.0,0.7,0.6,0.3,1,0.1,10,10,0.7609929470767617
4107,1.5,2.0,0.7,0.6,0.4,1,0.1,10,10,0.8116849853482777
4108,1.5,2.0,0.7,0.8,0.1,1,0.1,10,10,0.6690033752318064
4109,1.5,2.0,0.7,0.8,0.2,1,0.1,10,10,0.7127032998236426
4110,1.5,2.0,0.7,0.8,0.3,1,0.1,10,10,0.7596945102308977
4111,1.5,2.0,0.7,0.8,0.4,1,0.1,10,10,0.8102758139677597
4112,1.5,2.0,0.8,0.2,0.1,1,0.1,10,10,0.6139897390607428
4113,1.5,2.0,0.8,0.2,0.2,1,0.1,10,10,0.6541005002105774
4114,1.5,2.0,0.8,0.2,0.3,1,0.1,10,10,0.6973002277515714
4115,1.5,2.0,0.8,0.2,0.4,1,0.1,10,10,0.7438829318866167
4116,1.5,2.0,0.8,0.4,0.1,1,0.1,10,10,0.6128748839685461
4117,1.5,2.0,0.8,0.4,0.2,1,0.1,10,10,0.6529556670627029
4118,1.5,2.0,0.8,0.4,0.3,1,0.1,10,10,0.6961040392713569
4119,1.5,2.0,0.8,0.4,0.4,1,0.1,10,10,0.7426077225410469
4120,1.5,2.0,0.8,0.6,0.1,1,0.1,10,10,0.6117122744168736
4121,1.5,2.0,0.8,0.6,0.2,1,0.1,10,10,0.6517500265909032
4122,1.5,2.0,0.8,0.6,0.3,1,0.1,10,10,0.6948338750375248
4123,1.5,2.0,0.8,0.6,0.4,1,0.1,10,10,0.7412455169223046
4124,1.5,2.0,0.8,0.8,0.1,1,0.1,10,10,0.6105105681846565
4125,1.5,2.0,0.8,0.8,0.2,1,0.1,10,10,0.6504922401262974
4126,1.5,2.0,0.8,0.8,0.3,1,0.1,10,10,0.6934987374614728
4127,1.5,2.0,0.8,0.8,0.4,1,0.1,10,10,0.7398060709296674
4128,1.5,2.0,0.9,0.2,0.1,1,0.1,10,10,0.5581547488660831
4129,1.5,2.0,0.9,0.2,0.2,1,0.1,10,10,0.5946386409598976
4130,1.5,2.0,0.9,0.2,0.3,1,0.1,10,10,0.6339387486034141
4131,1.5,2.0,0.9,0.2,0.4,1,0.1,10,10,0.6763237402532386
4132,1.5,2.0,0.9,0.4,0.1,1,0.1,10,10,0.557035322853097
4133,1.5,2.0,0.9,0.4,0.2,1,0.1,10,10,0.593497474038379
4134,1.5,2.0,0.9,0.4,0.3,1,0.1,10,10,0.632757502914958
4135,1.5,2.0,0.9,0.4,0.4,1,0.1,10,10,0.6750786081417047
4136,1.5,2.0,0.9,0.6,0.1,1,0.1,10,10,0.5558602719841577
4137,1.5,2.0,0.9,0.6,0.2,1,0.1,10,10,0.5922833847091085
4138,1.5,2.0,0.9,0.6,0.3,1,0.1,10,10,0.6314855840348409
4139,1.5,2.0,0.9,0.6,0.4,1,0.1,10,10,0.673724818554357
4140,1.5,2.0,0.9,0.8,0.1,1,0.1,10,10,0.5546410587293845
4141,1.5,2.0,0.9,0.8,0.2,1,0.1,10,10,0.5910077737895421
4142,1.5,2.0,0.9,0.8,0.3,1,0.1,10,10,0.6301347372054178
4143,1.5,2.0,0.9,0.8,0.4,1,0.1,10,10,0.6722749535639435
4144,1.5,2.0,1.0,0.2,0.1,1,0.1,10,10,0.505114523759382
4145,1.5,2.0,1.0,0.2,0.2,1,0.1,10,10,0.5381068848989627
4146,1.5,2.0,1.0,0.2,0.3,1,0.1,10,10,0.5736474046629958
4147,1.5,2.0,1.0,0.2,0.4,1,0.1,10,10,0.6119793044405674
4148,1.5,2.0,1.0,0.4,0.1,1,0.1,10,10,0.5040095631021027
4149,1.5,2.0,1.0,0.4,0.2,1,0.1,10,10,0.5369872009476782
4150,1.5,2.0,1.0,0.4,0.3,1,0.1,10,10,0.5724976786782905
4151,1.5,2.0,1.0,0.4,0.4,1,0.1,10,10,0.6107795904677643
4152,1.5,2.0,1.0,0.6,0.1,1,0.1,10,10,0.5028418931493379
4153,1.5,2.0,1.0,0.6,0.2,1,0.1,10,10,0.5357831166949761
4154,1.5,2.0,1.0,0.6,0.3,1,0.1,10,10,0.5712409941355739
4155,1.5,2.0,1.0,0.6,0.4,1,0.1,10,10,0.6094497016907329
4156,1.5,2.0,1.0,0.8,0.1,1,0.1,10,10,0.5016260657286956
4157,1.5,2.0,1.0,0.8,0.2,1,0.1,10,10,0.5345090278177268
4158,1.5,2.0,1.0,0.8,0.3,1,0.1,10,10,0.5698921549669457
4159,1.5,2.0,1.0,0.8,0.4,1,0.1,10,10,0.6080053843555944
4160,1.5,2.5,0.1,0.2,0.1,1,0.1,10,10,1.0595034967606316
4161,1.5,2.5,0.1,0.2,0.2,1,0.1,10,10,1.1262820359234458
4162,1.5,2.5,0.1,0.2,0.3,1,0.1,10,10,1.1979446259890807
4163,1.5,2.5,0.1,0.2,0.4,1,0.1,10,10,1.274941140551504
4164,1.5,2.5,0.1,0.4,0.1,1,0.1,10,10,1.0592327454376629
4165,1.5,2.5,0.1,0.4,0.2,1,0.1,10,10,1.1259815324278284
4166,1.5,2.5,0.1,0.4,0.3,1,0.1,10,10,1.1976026736090273
4167,1.5,2.5,0.1,0.4,0.4,1,0.1,10,10,1.2745429954991352
4168,1.5,2.5,0.1,0.6,0.1,1,0.1,10,10,1.058960871711403
4169,1.5,2.5,0.1,0.6,0.2,1,0.1,10,10,1.1256799210445605
4170,1.5,2.5,0.1,0.6,0.3,1,0.1,10,10,1.1972596805500748
4171,1.5,2.5,0.1,0.6,0.4,1,0.1,10,10,1.2741439513460124
4172,1.5,2.5,0.1,0.8,0.1,1,0.1,10,10,1.0586879005790764
4173,1.5,2.5,0.1,0.8,0.2,1,0.1,10,10,1.1253772314402284
4174,1.5,2.5,0.1,0.8,0.3,1,0.1,10,10,1.1969156832498258
4175,1.5,2.5,0.1,0.8,0.4,1,0.1,10,10,1.273744053892607
4176,1.5,2.5,0.2,0.2,0.1,1,0.1,10,10,0.9922444987633102
4177,1.5,2.5,0.2,0.2,0.2,1,0.1,10,10,1.0552778006301635
4178,1.5,2.5,0.2,0.2,0.3,1,0.1,10,10,1.1229655206175824
4179,1.5,2.5,0.2,0.2,0.4,1,0.1,10,10,1.19573781828263
4180,1.5,2.5,0.2,0.4,0.1,1,0.1,10,10,0.9917453734657272
4181,1.5,2.5,0.2,0.4,0.2,1,0.1,10,10,1.054730906556188
4182,1.5,2.5,0.2,0.4,0.3,1,0.1,10,10,1.122351079736896
4183,1.5,2.5,0.2,0.4,0.4,1,0.1,10,10,1.1950308040065052
4184,1.5,2.5,0.2,0.6,0.1,1,0.1,10,10,0.9912419588308664
4185,1.5,2.5,0.2,0.6,0.2,1,0.1,10,10,1.0541796114423712
4186,1.5,2.5,0.2,0.6,0.3,1,0.1,10,10,1.121732298075223
4187,1.5,2.5,0.2,0.6,0.4,1,0.1,10,10,1.1943197553915372
4188,1.5,2.5,0.2,0.8,0.1,1,0.1,10,10,0.9907344460154396
4189,1.5,2.5,0.2,0.8,0.2,1,0.1,10,10,1.0536241346822497
4190,1.5,2.5,0.2,0.8,0.3,1,0.1,10,10,1.1211094377921103
4191,1.5,2.5,0.2,0.8,0.4,1,0.1,10,10,1.1936049953195254
4192,1.5,2.5,0.3,0.2,0.1,1,0.1,10,10,0.9257254285042329
4193,1.5,2.5,0.3,0.2,0.2,1,0.1,10,10,0.9849538410966228
4194,1.5,2.5,0.3,0.2,0.3,1,0.1,10,10,1.0485962939709363
4195,1.5,2.5,0.3,0.2,0.4,1,0.1,10,10,1.117062567022488
4196,1.5,2.5,0.3,0.4,0.1,1,0.1,10,10,0.9250383518499234
4197,1.5,2.5,0.3,0.4,0.2,1,0.1,10,10,0.9842103872838092
4198,1.5,2.5,0.3,0.4,0.3,1,0.1,10,10,1.0477717135589475
4199,1.5,2.5,0.3,0.4,0.4,1,0.1,10,10,1.116125420598576
4200,1.5,2.5,0.3,0.6,0.1,1,0.1,10,10,0.9243420841499514
4201,1.5,2.5,0.3,0.6,0.2,1,0.1,10,10,0.9834571283936892
4202,1.5,2.5,0.3,0.6,0.3,1,0.1,10,10,1.0469370161546858
4203,1.5,2.5,0.3,0.6,0.4,1,0.1,10,10,1.1151782875222915
4204,1.5,2.5,0.3,0.8,0.1,1,0.1,10,10,0.9236372395576132
4205,1.5,2.5,0.3,0.8,0.2,1,0.1,10,10,0.9826947471630624
4206,1.5,2.5,0.3,0.8,0.3,1,0.1,10,10,1.0460929950181332
4207,1.5,2.5,0.3,0.8,0.4,1,0.1,10,10,1.1142221234847915
4208,1.5,2.5,0.4,0.2,0.1,1,0.1,10,10,0.8602559076430767
4209,1.5,2.5,0.4,0.2,0.2,1,0.1,10,10,0.9156419055864776
4210,1.5,2.5,0.4,0.2,0.3,1,0.1,10,10,0.9751914745607504
4211,1.5,2.5,0.4,0.2,0.4,1,0.1,10,10,1.0392931764242008
4212,1.5,2.5,0.4,0.4,0.1,1,0.1,10,10,0.8594189475338584
4213,1.5,2.5,0.4,0.4,0.2,1,0.1,10,10,0.9147471215552097
4214,1.5,2.5,0.4,0.4,0.3,1,0.1,10,10,0.974211719805213
4215,1.5,2.5,0.4,0.4,0.4,1,0.1,10,10,1.0381938319487172
4216,1.5,2.5,0.4,0.6,0.1,1,0.1,10,10,0.8585664871483697
4217,1.5,2.5,0.4,0.6,0.2,1,0.1,10,10,0.9138351542095212
4218,1.5,2.5,0.4,0.6,0.3,1,0.1,10,10,0.9732134934853292
4219,1.5,2.5,0.4,0.6,0.4,1,0.1,10,10,1.037075326703894
4220,1.5,2.5,0.4,0.8,0.1,1,0.1,10,10,0.8576999067842954
4221,1.5,2.5,0.4,0.8,0.2,1,0.1,10,10,0.9129074934862385
4222,1.5,2.5,0.4,0.8,0.3,1,0.1,10,10,0.9721984794589386
4223,1.5,2.5,0.4,0.8,0.4,1,0.1,10,10,1.0359396428341674
4224,1.5,2.5,0.5,0.2,0.1,1,0.1,10,10,0.7961536612215079
4225,1.5,2.5,0.5,0.2,0.2,1,0.1,10,10,0.8476851766309433
4226,1.5,2.5,0.5,0.2,0.3,1,0.1,10,10,0.903120952125777
4227,1.5,2.5,0.5,0.2,0.4,1,0.1,10,10,0.9628273853795948
4228,1.5,2.5,0.5,0.4,0.1,1,0.1,10,10,0.7952021764604793
4229,1.5,2.5,0.5,0.4,0.2,1,0.1,10,10,0.8466794950096438
4230,1.5,2.5,0.5,0.4,0.3,1,0.1,10,10,0.9020335607088176
4231,1.5,2.5,0.5,0.4,0.4,1,0.1,10,10,0.9616230636834878
4232,1.5,2.5,0.5,0.6,0.1,1,0.1,10,10,0.7942278225874679
4233,1.5,2.5,0.5,0.6,0.2,1,0.1,10,10,0.8456475004341444
4234,1.5,2.5,0.5,0.6,0.3,1,0.1,10,10,0.9009168246909433
4235,1.5,2.5,0.5,0.6,0.4,1,0.1,10,10,0.9603870342837498
4236,1.5,2.5,0.5,0.8,0.1,1,0.1,10,10,0.7932331457757252
4237,1.5,2.5,0.5,0.8,0.2,1,0.1,10,10,0.8445918695899172
4238,1.5,2.5,0.5,0.8,0.3,1,0.1,10,10,0.8997736921482364
4239,1.5,2.5,0.5,0.8,0.4,1,0.1,10,10,0.9591226870653892
4240,1.5,2.5,0.6,0.2,0.1,1,0.1,10,10,0.7337364318385542
4241,1.5,2.5,0.6,0.2,0.2,1,0.1,10,10,0.7814295026041832
4242,1.5,2.5,0.6,0.2,0.3,1,0.1,10,10,0.832760522619326
4243,1.5,2.5,0.6,0.2,0.4,1,0.1,10,10,0.8880727620233322
4244,1.5,2.5,0.6,0.4,0.1,1,0.1,10,10,0.7327027777415711
4245,1.5,2.5,0.6,0.4,0.2,1,0.1,10,10,0.7803484926526215
4246,1.5,2.5,0.6,0.4,0.3,1,0.1,10,10,0.8316057839180901
4247,1.5,2.5,0.6,0.4,0.4,1,0.1,10,10,0.8868104076461069
4248,1.5,2.5,0.6,0.6,0.1,1,0.1,10,10,0.7316381931960988
4249,1.5,2.5,0.6,0.6,0.2,1,0.1,10,10,0.7792306064766809
4250,1.5,2.5,0.6,0.6,0.3,1,0.1,10,10,0.8304085609417067
4251,1.5,2.5,0.6,0.6,0.4,1,0.1,10,10,0.8855005772151129
4252,1.5,2.5,0.6,0.8,0.1,1,0.1,10,10,0.7305468176436345
4253,1.5,2.5,0.6,0.8,0.2,1,0.1,10,10,0.778080103683192
4254,1.5,2.5,0.6,0.8,0.3,1,0.1,10,10,0.8291734315593144
4255,1.5,2.5,0.6,0.8,0.4,1,0.1,10,10,0.8841484208421301
4256,1.5,2.5,0.7,0.2,0.1,1,0.1,10,10,0.6733131619780787
4257,1.5,2.5,0.7,0.2,0.2,1,0.1,10,10,0.7172136600393109
4258,1.5,2.5,0.7,0.2,0.3,1,0.1,10,10,0.7644811939673369
4259,1.5,2.5,0.7,0.2,0.4,1,0.1,10,10,0.8154350085478459
4260,1.5,2.5,0.7,0.4,0.1,1,0.1,10,10,0.6722264674122476
4261,1.5,2.5,0.7,0.4,0.2,1,0.1,10,10,0.7160880860870102
4262,1.5,2.5,0.7,0.4,0.3,1,0.1,10,10,0.7632925309094533
4263,1.5,2.5,0.7,0.4,0.4,1,0.1,10,10,0.8141520369686749
4264,1.5,2.5,0.7,0.6,0.1,1,0.1,10,10,0.671100468140768
4265,1.5,2.5,0.7,0.6,0.2,1,0.1,10,10,0.7149140554576255
4266,1.5,2.5,0.7,0.6,0.3,1,0.1,10,10,0.7620464173713077
4267,1.5,2.5,0.7,0.6,0.4,1,0.1,10,10,0.8128030652829284
4268,1.5,2.5,0.7,0.8,0.1,1,0.1,10,10,0.6699413243693139
4269,1.5,2.5,0.7,0.8,0.2,1,0.1,10,10,0.7136978011565894
4270,1.5,2.5,0.7,0.8,0.3,1,0.1,10,10,0.7607494268147222
4271,1.5,2.5,0.7,0.8,0.4,1,0.1,10,10,0.8113953364608728
4272,1.5,2.5,0.8,0.2,0.1,1,0.1,10,10,0.6151749114472154
4273,1.5,2.5,0.8,0.2,0.2,1,0.1,10,10,0.655359183310629
4274,1.5,2.5,0.8,0.2,0.3,1,0.1,10,10,0.6986378087253093
4275,1.5,2.5,0.8,0.2,0.4,1,0.1,10,10,0.745305294652604
4276,1.5,2.5,0.8,0.4,0.1,1,0.1,10,10,0.6140609350287565
4277,1.5,2.5,0.8,0.4,0.2,1,0.1,10,10,0.6542151762408199
4278,1.5,2.5,0.8,0.4,0.3,1,0.1,10,10,0.6974423250582145
4279,1.5,2.5,0.8,0.4,0.4,1,0.1,10,10,0.7440305846073252
4280,1.5,2.5,0.8,0.6,0.1,1,0.1,10,10,0.6128993471338969
4281,1.5,2.5,0.8,0.6,0.2,1,0.1,10,10,0.6530106078338254
4282,1.5,2.5,0.8,0.6,0.3,1,0.1,10,10,0.6961732199540761
4283,1.5,2.5,0.8,0.6,0.4,1,0.1,10,10,0.7426693465850184
4284,1.5,2.5,0.8,0.8,0.1,1,0.1,10,10,0.6116987305811434
4285,1.5,2.5,0.8,0.8,0.2,1,0.1,10,10,0.6517540627820604
4286,1.5,2.5,0.8,0.8,0.3,1,0.1,10,10,0.6948394158587419
4287,1.5,2.5,0.8,0.8,0.4,1,0.1,10,10,0.7412312512934011
4288,1.5,2.5,0.9,0.2,0.1,1,0.1,10,10,0.5595860519413637
4289,1.5,2.5,0.9,0.2,0.2,1,0.1,10,10,0.5961603602747148
4290,1.5,2.5,0.9,0.2,0.3,1,0.1,10,10,0.6355577123231322
4291,1.5,2.5,0.9,0.2,0.4,1,0.1,10,10,0.6780474300620397
4292,1.5,2.5,0.9,0.4,0.1,1,0.1,10,10,0.5584671207727385
4293,1.5,2.5,0.9,0.4,0.2,1,0.1,10,10,0.5950196822344509
4294,1.5,2.5,0.9,0.4,0.3,1,0.1,10,10,0.6343768586448281
4295,1.5,2.5,0.9,0.4,0.4,1,0.1,10,10,0.6768024789190151
4296,1.5,2.5,0.9,0.6,0.1,1,0.1,10,10,0.5572927045733032
4297,1.5,2.5,0.9,0.6,0.2,1,0.1,10,10,0.5938063573895729
4298,1.5,2.5,0.9,0.6,0.3,1,0.1,10,10,0.6331057508800988
4299,1.5,2.5,0.9,0.6,0.4,1,0.1,10,10,0.675449441526693
4300,1.5,2.5,0.9,0.8,0.1,1,0.1,10,10,0.5560741612341065
4301,1.5,2.5,0.9,0.8,0.2,1,0.1,10,10,0.5925316771906872
4302,1.5,2.5,0.9,0.8,0.3,1,0.1,10,10,0.6317560181285938
4303,1.5,2.5,0.9,0.8,0.4,1,0.1,10,10,0.6740007748335491
4304,1.5,2.5,1.0,0.2,0.1,1,0.1,10,10,0.5067762985785866
4305,1.5,2.5,1.0,0.2,0.2,1,0.1,10,10,0.5398750567417561
4306,1.5,2.5,1.0,0.2,0.3,1,0.1,10,10,0.575530187583038
4307,1.5,2.5,1.0,0.2,0.4,1,0.1,10,10,0.6139857211138249
4308,1.5,2.5,1.0,0.4,0.1,1,0.1,10,10,0.505671328544274
4309,1.5,2.5,1.0,0.4,0.2,1,0.1,10,10,0.5387554357077919
4310,1.5,2.5,1.0,0.4,0.3,1,0.1,10,10,0.5743804913359594
4311,1.5,2.5,1.0,0.4,0.4,1,0.1,10,10,0.6127858694281537
4312,1.5,2.5,1.0,0.6,0.1,1,0.1,10,10,0.5045037666656753
4313,1.5,2.5,1.0,0.6,0.2,1,0.1,10,10,0.5375516570353811
4314,1.5,2.5,1.0,0.6,0.3,1,0.1,10,10,0.5731242560797655
4315,1.5,2.5,1.0,0.6,0.4,1,0.1,10,10,0.6114564450431265
4316,1.5,2.5,1.0,0.8,0.1,1,0.1,10,10,0.5032880275929593
4317,1.5,2.5,1.0,0.8,0.2,1,0.1,10,10,0.5362780388757773
4318,1.5,2.5,1.0,0.8,0.3,1,0.1,10,10,0.5717761748417108
4319,1.5,2.5,1.0,0.8,0.4,1,0.1,10,10,0.6100130827321095
4320,1.5,3.0,0.1,0.2,0.1,1,0.1,10,10,1.0594755768935515
4321,1.5,3.0,0.1,0.2,0.2,1,0.1,10,10,1.1262514452261647
4322,1.5,3.0,0.1,0.2,0.3,1,0.1,10,10,1.1979110619403373
4323,1.5,3.0,0.1,0.2,0.4,1,0.1,10,10,1.2749042606550152
4324,1.5,3.0,0.1,0.4,0.1,1,0.1,10,10,1.0592049525762837
4325,1.5,3.0,0.1,0.4,0.2,1,0.1,10,10,1.1259511073045934
4326,1.5,3.0,0.1,0.4,0.3,1,0.1,10,10,1.1975693454264646
4327,1.5,3.0,0.1,0.4,0.4,1,0.1,10,10,1.2745064626356881
4328,1.5,3.0,0.1,0.6,0.1,1,0.1,10,10,1.0589332102503772
4329,1.5,3.0,0.1,0.6,0.2,1,0.1,10,10,1.1256496663790443
4330,1.5,3.0,0.1,0.6,0.3,1,0.1,10,10,1.1972265937865467
4331,1.5,3.0,0.1,0.6,0.4,1,0.1,10,10,1.2741077719362564
4332,1.5,3.0,0.1,0.8,0.1,1,0.1,10,10,1.058660374873388
4333,1.5,3.0,0.1,0.8,0.2,1,0.1,10,10,1.1253471520619711
4334,1.5,3.0,0.1,0.8,0.3,1,0.1,10,10,1.1968828433806178
4335,1.5,3.0,0.1,0.8,0.4,1,0.1,10,10,1.2737082342442814
4336,1.5,3.0,0.2,0.2,0.1,1,0.1,10,10,0.9922583723145842
4337,1.5,3.0,0.2,0.2,0.2,1,0.1,10,10,1.0552905497772105
4338,1.5,3.0,0.2,0.2,0.3,1,0.1,10,10,1.1229768418585782
4339,1.5,3.0,0.2,0.2,0.4,1,0.1,10,10,1.19574735688184
4340,1.5,3.0,0.2,0.4,0.1,1,0.1,10,10,0.9917596532085255
4341,1.5,3.0,0.2,0.4,0.2,1,0.1,10,10,1.0547441164715166
4342,1.5,3.0,0.2,0.4,0.3,1,0.1,10,10,1.1223629682855385
4343,1.5,3.0,0.2,0.4,0.4,1,0.1,10,10,1.1950410843246868
4344,1.5,3.0,0.2,0.6,0.1,1,0.1,10,10,0.9912566621952112
4345,1.5,3.0,0.2,0.6,0.2,1,0.1,10,10,1.0541933014636935
4346,1.5,3.0,0.2,0.6,0.3,1,0.1,10,10,1.121744775547487
4347,1.5,3.0,0.2,0.6,0.4,1,0.1,10,10,1.194330801678968
4348,1.5,3.0,0.2,0.8,0.1,1,0.1,10,10,0.9907495898439096
4349,1.5,3.0,0.2,0.8,0.2,1,0.1,10,10,1.0536383234586124
4350,1.5,3.0,0.2,0.8,0.3,1,0.1,10,10,1.1211225249421761
4351,1.5,3.0,0.2,0.8,0.4,1,0.1,10,10,1.1936168306976191
4352,1.5,3.0,0.3,0.2,0.1,1,0.1,10,10,0.9258450246036398
4353,1.5,3.0,0.3,0.2,0.2,1,0.1,10,10,0.985077980804338
4354,1.5,3.0,0.3,0.2,0.3,1,0.1,10,10,1.0487249892808796
4355,1.5,3.0,0.3,0.2,0.4,1,0.1,10,10,1.1171957980598997
4356,1.5,3.0,0.3,0.4,0.1,1,0.1,10,10,0.9251586868494792
4357,1.5,3.0,0.3,0.4,0.2,1,0.1,10,10,0.9843353098883062
4358,1.5,3.0,0.3,0.4,0.3,1,0.1,10,10,1.0479012930005245
4359,1.5,3.0,0.3,0.4,0.4,1,0.1,10,10,1.1162597131615373
4360,1.5,3.0,0.3,0.6,0.1,1,0.1,10,10,0.9244631963835648
4361,1.5,3.0,0.3,0.6,0.2,1,0.1,10,10,0.9835828776413617
4362,1.5,3.0,0.3,0.6,0.3,1,0.1,10,10,1.047067529281705
4363,1.5,3.0,0.3,0.6,0.4,1,0.1,10,10,1.1153136972267843
4364,1.5,3.0,0.3,0.8,0.1,1,0.1,10,10,0.9237591646197448
4365,1.5,3.0,0.3,0.8,0.2,1,0.1,10,10,0.9828213638099399
4366,1.5,3.0,0.3,0.8,0.3,1,0.1,10,10,1.0462244879161484
4367,1.5,3.0,0.3,0.8,0.4,1,0.1,10,10,1.1143587017076186
4368,1.5,3.0,0.4,0.2,0.1,1,0.1,10,10,0.8605371576415441
4369,1.5,3.0,0.4,0.2,0.2,1,0.1,10,10,0.9159372046619418
4370,1.5,3.0,0.4,0.2,0.3,1,0.1,10,10,0.9755014676464828
4371,1.5,3.0,0.4,0.2,0.4,1,0.1,10,10,1.0396185280881372
4372,1.5,3.0,0.4,0.4,0.1,1,0.1,10,10,0.8597012400354407
4373,1.5,3.0,0.4,0.4,0.2,1,0.1,10,10,0.9150434753435356
4374,1.5,3.0,0.4,0.4,0.3,1,0.1,10,10,0.9745228271945356
4375,1.5,3.0,0.4,0.4,0.4,1,0.1,10,10,1.0385204225725917
4376,1.5,3.0,0.4,0.6,0.1,1,0.1,10,10,0.8588498876083872
4377,1.5,3.0,0.4,0.6,0.2,1,0.1,10,10,0.9141326413145036
4378,1.5,3.0,0.4,0.6,0.3,1,0.1,10,10,0.9735258073591018
4379,1.5,3.0,0.4,0.6,0.4,1,0.1,10,10,1.0374032621677705
4380,1.5,3.0,0.4,0.8,0.1,1,0.1,10,10,0.8579844727406145
4381,1.5,3.0,0.4,0.8,0.2,1,0.1,10,10,0.9132061842368954
4382,1.5,3.0,0.4,0.8,0.3,1,0.1,10,10,0.9725120828884634
4383,1.5,3.0,0.4,0.8,0.4,1,0.1,10,10,1.036269018464536
4384,1.5,3.0,0.5,0.2,0.1,1,0.1,10,10,0.7966425360011302
4385,1.5,3.0,0.5,0.2,0.2,1,0.1,10,10,0.8482009669538926
4386,1.5,3.0,0.5,0.2,0.3,1,0.1,10,10,0.9036652356605204
4387,1.5,3.0,0.5,0.2,0.4,1,0.1,10,10,0.9634018440471668
4388,1.5,3.0,0.5,0.4,0.1,1,0.1,10,10,0.7956923042918113
4389,1.5,3.0,0.5,0.4,0.2,1,0.1,10,10,0.8471965093031686
4390,1.5,3.0,0.5,0.4,0.3,1,0.1,10,10,0.9025790641023624
4391,1.5,3.0,0.5,0.4,0.4,1,0.1,10,10,0.9621987755740966
4392,1.5,3.0,0.5,0.6,0.1,1,0.1,10,10,0.7947192995822356
4393,1.5,3.0,0.5,0.6,0.2,1,0.1,10,10,0.8461658615292255
4394,1.5,3.0,0.5,0.6,0.3,1,0.1,10,10,0.9014636994770474
4395,1.5,3.0,0.5,0.6,0.4,1,0.1,10,10,0.9609641794576612
4396,1.5,3.0,0.5,0.8,0.1,1,0.1,10,10,0.7937260505241914
4397,1.5,3.0,0.5,0.8,0.2,1,0.1,10,10,0.8451116835912199
4398,1.5,3.0,0.5,0.8,0.3,1,0.1,10,10,0.9003220708961525
4399,1.5,3.0,0.5,0.8,0.4,1,0.1,10,10,0.9597014245041522
4400,1.5,3.0,0.6,0.2,0.1,1,0.1,10,10,0.7344673864931812
4401,1.5,3.0,0.6,0.2,0.2,1,0.1,10,10,0.7822029412991508
4402,1.5,3.0,0.6,0.2,0.3,1,0.1,10,10,0.8335792214324454
4403,1.5,3.0,0.6,0.2,0.4,1,0.1,10,10,0.8889397126203009
4404,1.5,3.0,0.6,0.4,0.1,1,0.1,10,10,0.7334350589992895
4405,1.5,3.0,0.6,0.4,0.2,1,0.1,10,10,0.7811231925227871
4406,1.5,3.0,0.6,0.4,0.3,1,0.1,10,10,0.8324256730506113
4407,1.5,3.0,0.6,0.4,0.4,1,0.1,10,10,0.8876784764240673
4408,1.5,3.0,0.6,0.6,0.1,1,0.1,10,10,0.7323719275707067
4409,1.5,3.0,0.6,0.6,0.2,1,0.1,10,10,0.7800067432191655
4410,1.5,3.0,0.6,0.6,0.3,1,0.1,10,10,0.8312298656454117
4411,1.5,3.0,0.6,0.6,0.4,1,0.1,10,10,0.886370043551913
4412,1.5,3.0,0.6,0.8,0.1,1,0.1,10,10,0.7312820989617151
4413,1.5,3.0,0.6,0.8,0.2,1,0.1,10,10,0.7788578201186847
4414,1.5,3.0,0.6,0.8,0.3,1,0.1,10,10,0.8299963457872671
4415,1.5,3.0,0.6,0.8,0.4,1,0.1,10,10,0.8850195271327671
4416,1.5,3.0,0.7,0.2,0.1,1,0.1,10,10,0.6743081179766852
4417,1.5,3.0,0.7,0.2,0.2,1,0.1,10,10,0.7182685659981135
4418,1.5,3.0,0.7,0.2,0.3,1,0.1,10,10,0.7656002266775128
4419,1.5,3.0,0.7,0.2,0.4,1,0.1,10,10,0.8166227045177409
4420,1.5,3.0,0.7,0.4,0.1,1,0.1,10,10,0.6732226626104737
4421,1.5,3.0,0.7,0.4,0.2,1,0.1,10,10,0.7171441484335931
4422,1.5,3.0,0.7,0.4,0.3,1,0.1,10,10,0.7644125982526281
4423,1.5,3.0,0.7,0.4,0.4,1,0.1,10,10,0.8153406014574115
4424,1.5,3.0,0.7,0.6,0.1,1,0.1,10,10,0.6720980544444807
4425,1.5,3.0,0.7,0.6,0.2,1,0.1,10,10,0.715971504671198
4426,1.5,3.0,0.7,0.6,0.3,1,0.1,10,10,0.7631678321355182
4427,1.5,3.0,0.7,0.6,0.4,1,0.1,10,10,0.8139928970378559
4428,1.5,3.0,0.7,0.8,0.1,1,0.1,10,10,0.6709403996995569
4429,1.5,3.0,0.7,0.8,0.2,1,0.1,10,10,0.7147568133933668
4430,1.5,3.0,0.7,0.8,0.3,1,0.1,10,10,0.7618724456239916
4431,1.5,3.0,0.7,0.8,0.4,1,0.1,10,10,0.8125867744212678
4432,1.5,3.0,0.8,0.2,0.1,1,0.1,10,10,0.6164428714928573
4433,1.5,3.0,0.8,0.2,0.2,1,0.1,10,10,0.6567055494890819
4434,1.5,3.0,0.8,0.2,0.3,1,0.1,10,10,0.7000682902828934
4435,1.5,3.0,0.8,0.2,0.4,1,0.1,10,10,0.7468261214329106
4436,1.5,3.0,0.8,0.4,0.1,1,0.1,10,10,0.6153298805499297
4437,1.5,3.0,0.8,0.4,0.2,1,0.1,10,10,0.6555624571073069
4438,1.5,3.0,0.8,0.4,0.3,1,0.1,10,10,0.6988735803247484
4439,1.5,3.0,0.8,0.4,0.4,1,0.1,10,10,0.7455519586179101
4440,1.5,3.0,0.8,0.6,0.1,1,0.1,10,10,0.6141694450519284
4441,1.5,3.0,0.8,0.6,0.2,1,0.1,10,10,0.6543590836490061
4442,1.5,3.0,0.8,0.6,0.3,1,0.1,10,10,0.6976056487586741
4443,1.5,3.0,0.8,0.6,0.4,1,0.1,10,10,0.7441917938465399
4444,1.5,3.0,0.8,0.8,0.1,1,0.1,10,10,0.6129700665544041
4445,1.5,3.0,0.8,0.8,0.2,1,0.1,10,10,0.6531039310581258
4446,1.5,3.0,0.8,0.8,0.3,1,0.1,10,10,0.6962733319298006
4447,1.5,3.0,0.8,0.8,0.4,1,0.1,10,10,0.7427552062068961
4448,1.5,3.0,0.9,0.2,0.1,1,0.1,10,10,0.5611233937551064
4449,1.5,3.0,0.9,0.2,0.2,1,0.1,10,10,0.5977946080922126
4450,1.5,3.0,0.9,0.2,0.3,1,0.1,10,10,0.6372961513916428
4451,1.5,3.0,0.9,0.2,0.4,1,0.1,10,10,0.6798980371890456
4452,1.5,3.0,0.9,0.4,0.1,1,0.1,10,10,0.5600050387642759
4453,1.5,3.0,0.9,0.4,0.2,1,0.1,10,10,0.5966544820896995
4454,1.5,3.0,0.9,0.4,0.3,1,0.1,10,10,0.6361157303216193
4455,1.5,3.0,0.9,0.4,0.4,1,0.1,10,10,0.6786532799297539
4456,1.5,3.0,0.9,0.6,0.1,1,0.1,10,10,0.5588313649116132
4457,1.5,3.0,0.9,0.6,0.2,1,0.1,10,10,0.5954420250779817
4458,1.5,3.0,0.9,0.6,0.3,1,0.1,10,10,0.6348455295249049
4459,1.5,3.0,0.9,0.6,0.4,1,0.1,10,10,0.6773010792801316
4460,1.5,3.0,0.9,0.8,0.1,1,0.1,10,10,0.5576136165560093
4461,1.5,3.0,0.9,0.8,0.2,1,0.1,10,10,0.5941684103548165
4462,1.5,3.0,0.9,0.8,0.3,1,0.1,10,10,0.6334970530752764
4463,1.5,3.0,0.9,0.8,0.4,1,0.1,10,10,0.6758537577689957
4464,1.5,3.0,1.0,0.2,0.1,1,0.1,10,10,0.5085677262453516
4465,1.5,3.0,1.0,0.2,0.2,1,0.1,10,10,0.5417810151731847
4466,1.5,3.0,1.0,0.2,0.3,1,0.1,10,10,0.5775594903297753
4467,1.5,3.0,1.0,0.2,0.4,1,0.1,10,10,0.616148043096445
4468,1.5,3.0,1.0,0.4,0.1,1,0.1,10,10,0.5074627909697228
4469,1.5,3.0,1.0,0.4,0.2,1,0.1,10,10,0.5406614852458292
4470,1.5,3.0,1.0,0.4,0.3,1,0.1,10,10,0.5764098298435599
4471,1.5,3.0,1.0,0.4,0.4,1,0.1,10,10,0.6149480295007388
4472,1.5,3.0,1.0,0.6,0.1,1,0.1,10,10,0.5062954087803823
4473,1.5,3.0,1.0,0.6,0.2,1,0.1,10,10,0.5394581249401015
4474,1.5,3.0,1.0,0.6,0.3,1,0.1,10,10,0.5751541512597179
4475,1.5,3.0,1.0,0.6,0.4,1,0.1,10,10,0.6136191706581572
4476,1.5,3.0,1.0,0.8,0.1,1,0.1,10,10,0.5050798454225144
4477,1.5,3.0,1.0,0.8,0.2,1,0.1,10,10,0.5381850926688595
4478,1.5,3.0,1.0,0.8,0.3,1,0.1,10,10,0.573806974387746
4479,1.5,3.0,1.0,0.8,0.4,1,0.1,10,10,0.6121769117825784
4480,2.0,0.0,0.1,0.2,0.1,1,0.1,10,10,1.0376172812474171
4481,2.0,0.0,0.1,0.2,0.2,1,0.1,10,10,1.1032032624545838
4482,2.0,0.0,0.1,0.2,0.3,1,0.1,10,10,1.1736029030606432
4483,2.0,0.0,0.1,0.2,0.4,1,0.1,10,10,1.2492602077519086
4484,2.0,0.0,0.1,0.4,0.1,1,0.1,10,10,1.0372649172201809
4485,2.0,0.0,0.1,0.4,0.2,1,0.1,10,10,1.102813584313408
4486,2.0,0.0,0.1,0.4,0.3,1,0.1,10,10,1.1731607832356916
4487,2.0,0.0,0.1,0.4,0.4,1,0.1,10,10,1.2487465426906867
4488,2.0,0.0,0.1,0.6,0.1,1,0.1,10,10,1.0369105208037035
4489,2.0,0.0,0.1,0.6,0.2,1,0.1,10,10,1.102421865680628
4490,2.0,0.0,0.1,0.6,0.3,1,0.1,10,10,1.1727166991567728
4491,2.0,0.0,0.1,0.6,0.4,1,0.1,10,10,1.2482311100872872
4492,2.0,0.0,0.1,0.8,0.1,1,0.1,10,10,1.0365541507764342
4493,2.0,0.0,0.1,0.8,0.2,1,0.1,10,10,1.1020281756817858
4494,2.0,0.0,0.1,0.8,0.3,1,0.1,10,10,1.1722707352077375
4495,2.0,0.0,0.1,0.8,0.4,1,0.1,10,10,1.2477140156634374
4496,2.0,0.0,0.2,0.2,0.1,1,0.1,10,10,0.9485216558236031
4497,2.0,0.0,0.2,0.2,0.2,1,0.1,10,10,1.009089392334246
4498,2.0,0.0,0.2,0.2,0.3,1,0.1,10,10,1.074160016616466
4499,2.0,0.0,0.2,0.2,0.4,1,0.1,10,10,1.1441512405440202
4500,2.0,0.0,0.2,0.4,0.1,1,0.1,10,10,0.9478903834579064
4501,2.0,0.0,0.2,0.4,0.2,1,0.1,10,10,1.0084033490261324
4502,2.0,0.0,0.2,0.4,0.3,1,0.1,10,10,1.0733952334874617
4503,2.0,0.0,0.2,0.4,0.4,1,0.1,10,10,1.1432772851429156
4504,2.0,0.0,0.2,0.6,0.1,1,0.1,10,10,0.9472514755747952
4505,2.0,0.0,0.2,0.6,0.2,1,0.1,10,10,1.0077092455897223
4506,2.0,0.0,0.2,0.6,0.3,1,0.1,10,10,1.0726222160507368
4507,2.0,0.0,0.2,0.6,0.4,1,0.1,10,10,1.1423952880939787
4508,2.0,0.0,0.2,0.8,0.1,1,0.1,10,10,0.9466053766554176
4509,2.0,0.0,0.2,0.8,0.2,1,0.1,10,10,1.007007581615275
4510,2.0,0.0,0.2,0.8,0.3,1,0.1,10,10,1.0718415512186412
4511,2.0,0.0,0.2,0.8,0.4,1,0.1,10,10,1.1415059636034128
4512,2.0,0.0,0.3,0.2,0.1,1,0.1,10,10,0.8607128822222713
4513,2.0,0.0,0.3,0.2,0.2,1,0.1,10,10,0.9161545083149788
4514,2.0,0.0,0.3,0.2,0.3,1,0.1,10,10,0.975767515511974
4515,2.0,0.0,0.3,0.2,0.4,1,0.1,10,10,1.0399416850312149
4516,2.0,0.0,0.3,0.4,0.1,1,0.1,10,10,0.8598718113842687
4517,2.0,0.0,0.3,0.4,0.2,1,0.1,10,10,0.9152555792045612
4518,2.0,0.0,0.3,0.4,0.3,1,0.1,10,10,0.9747829754929576
4519,2.0,0.0,0.3,0.4,0.4,1,0.1,10,10,1.0388361059257505
4520,2.0,0.0,0.3,0.6,0.1,1,0.1,10,10,0.8590147130966912
4521,2.0,0.0,0.3,0.6,0.2,1,0.1,10,10,0.9143388556186144
4522,2.0,0.0,0.3,0.6,0.3,1,0.1,10,10,0.9737792505284976
4523,2.0,0.0,0.3,0.6,0.4,1,0.1,10,10,1.0377105303061995
4524,2.0,0.0,0.3,0.8,0.1,1,0.1,10,10,0.8581429940153346
4525,2.0,0.0,0.3,0.8,0.2,1,0.1,10,10,0.9134058547537344
4526,2.0,0.0,0.3,0.8,0.3,1,0.1,10,10,0.9727580558891776
4527,2.0,0.0,0.3,0.8,0.4,1,0.1,10,10,1.0365669802210689
4528,2.0,0.0,0.4,0.2,0.1,1,0.1,10,10,0.7750303469494653
4529,2.0,0.0,0.4,0.2,0.2,1,0.1,10,10,0.8253013582564787
4530,2.0,0.0,0.4,0.2,0.3,1,0.1,10,10,0.8793943777358707
4531,2.0,0.0,0.4,0.2,0.4,1,0.1,10,10,0.9376693319505276
4532,2.0,0.0,0.4,0.4,0.1,1,0.1,10,10,0.774042830624501
4533,2.0,0.0,0.4,0.4,0.2,1,0.1,10,10,0.8242621125821552
4534,2.0,0.0,0.4,0.4,0.3,1,0.1,10,10,0.8782756114322771
4535,2.0,0.0,0.4,0.4,0.4,1,0.1,10,10,0.9364353777696016
4536,2.0,0.0,0.4,0.6,0.1,1,0.1,10,10,0.7730289581142488
4537,2.0,0.0,0.4,0.6,0.2,1,0.1,10,10,0.8231921357383121
4538,2.0,0.0,0.4,0.6,0.3,1,0.1,10,10,0.8771221092665884
4539,2.0,0.0,0.4,0.6,0.4,1,0.1,10,10,0.935163317183406
4540,2.0,0.0,0.4,0.8,0.1,1,0.1,10,10,0.7719918317780414
4541,2.0,0.0,0.4,0.8,0.2,1,0.1,10,10,0.8220946592966044
4542,2.0,0.0,0.4,0.8,0.3,1,0.1,10,10,0.8759373969186468
4543,2.0,0.0,0.4,0.8,0.4,1,0.1,10,10,0.9338571744370052
4544,2.0,0.0,0.5,0.2,0.1,1,0.1,10,10,0.6923217300634197
4545,2.0,0.0,0.5,0.2,0.2,1,0.1,10,10,0.7374507903309421
4546,2.0,0.0,0.5,0.2,0.3,1,0.1,10,10,0.7860395579515946
4547,2.0,0.0,0.5,0.2,0.4,1,0.1,10,10,0.8384161821914956
4548,2.0,0.0,0.5,0.4,0.1,1,0.1,10,10,0.6912442008731103
4549,2.0,0.0,0.5,0.4,0.2,1,0.1,10,10,0.7363324118851079
4550,2.0,0.0,0.5,0.4,0.3,1,0.1,10,10,0.7848549673421926
4551,2.0,0.0,0.5,0.4,0.4,1,0.1,10,10,0.8371326610788021
4552,2.0,0.0,0.5,0.6,0.1,1,0.1,10,10,0.690128969281406
4553,2.0,0.0,0.5,0.6,0.2,1,0.1,10,10,0.7351679945601707
4554,2.0,0.0,0.5,0.6,0.3,1,0.1,10,10,0.7836161871056835
4555,2.0,0.0,0.5,0.6,0.4,1,0.1,10,10,0.835787268334614
4556,2.0,0.0,0.5,0.8,0.1,1,0.1,10,10,0.6889816297687819
4557,2.0,0.0,0.5,0.8,0.2,1,0.1,10,10,0.7339632142346563
4558,2.0,0.0,0.5,0.8,0.3,1,0.1,10,10,0.7823292290006467
4559,2.0,0.0,0.5,0.8,0.4,1,0.1,10,10,0.8343866656801893
4560,2.0,0.0,0.6,0.2,0.1,1,0.1,10,10,0.613398419227632
4561,2.0,0.0,0.6,0.2,0.2,1,0.1,10,10,0.6534926718880505
4562,2.0,0.0,0.6,0.2,0.3,1,0.1,10,10,0.6966781526098292
4563,2.0,0.0,0.6,0.2,0.4,1,0.1,10,10,0.7432496526001574
4564,2.0,0.0,0.6,0.4,0.1,1,0.1,10,10,0.6122795601872725
4565,2.0,0.0,0.6,0.4,0.2,1,0.1,10,10,0.6523450804379934
4566,2.0,0.0,0.6,0.4,0.3,1,0.1,10,10,0.6954802306114924
4567,2.0,0.0,0.6,0.4,0.4,1,0.1,10,10,0.741973402998976
4568,2.0,0.0,0.6,0.6,0.1,1,0.1,10,10,0.6111115874130789
4569,2.0,0.0,0.6,0.6,0.2,1,0.1,10,10,0.6511349089297694
4570,2.0,0.0,0.6,0.6,0.3,1,0.1,10,10,0.6942060922861076
4571,2.0,0.0,0.6,0.6,0.4,1,0.1,10,10,0.7406073867662488
4572,2.0,0.0,0.6,0.8,0.1,1,0.1,10,10,0.6099033560377932
4573,2.0,0.0,0.6,0.8,0.2,1,0.1,10,10,0.6498709943755195
4574,2.0,0.0,0.6,0.8,0.3,1,0.1,10,10,0.6928649048165213
4575,2.0,0.0,0.6,0.8,0.4,1,0.1,10,10,0.7391615277133746
4576,2.0,0.0,0.7,0.2,0.1,1,0.1,10,10,0.538990126890736
4577,2.0,0.0,0.7,0.2,0.2,1,0.1,10,10,0.5742349550819864
4578,2.0,0.0,0.7,0.2,0.3,1,0.1,10,10,0.6122043370592659
4579,2.0,0.0,0.7,0.2,0.4,1,0.1,10,10,0.6531587941097593
4580,2.0,0.0,0.7,0.4,0.1,1,0.1,10,10,0.5378704283867801
4581,2.0,0.0,0.7,0.4,0.2,1,0.1,10,10,0.5730974414603753
4582,2.0,0.0,0.7,0.4,0.3,1,0.1,10,10,0.6110316129984952
4583,2.0,0.0,0.7,0.4,0.4,1,0.1,10,10,0.6519282098991853
4584,2.0,0.0,0.7,0.6,0.1,1,0.1,10,10,0.5366910617255755
4585,2.0,0.0,0.7,0.6,0.2,1,0.1,10,10,0.5718809163427775
4586,2.0,0.0,0.7,0.6,0.3,1,0.1,10,10,0.6097598909134251
4587,2.0,0.0,0.7,0.6,0.4,1,0.1,10,10,0.6505781894448207
4588,2.0,0.0,0.7,0.8,0.1,1,0.1,10,10,0.5354647989451234
4589,2.0,0.0,0.7,0.8,0.2,1,0.1,10,10,0.5705980458803257
4590,2.0,0.0,0.7,0.8,0.3,1,0.1,10,10,0.6084021730798703
4591,2.0,0.0,0.7,0.8,0.4,1,0.1,10,10,0.6491226064907111
4592,2.0,0.0,0.8,0.2,0.1,1,0.1,10,10,0.4697039466533849
4593,2.0,0.0,0.8,0.2,0.2,1,0.1,10,10,0.5003568849011023
4594,2.0,0.0,0.8,0.2,0.3,1,0.1,10,10,0.5333779147298263
4595,2.0,0.0,0.8,0.2,0.4,1,0.1,10,10,0.5689932865712536
4596,2.0,0.0,0.8,0.4,0.1,1,0.1,10,10,0.4686156609943912
4597,2.0,0.0,0.8,0.4,0.2,1,0.1,10,10,0.4992591216362893
4598,2.0,0.0,0.8,0.4,0.3,1,0.1,10,10,0.5322572936558071
4599,2.0,0.0,0.8,0.4,0.4,1,0.1,10,10,0.5678323172071106
4600,2.0,0.0,0.8,0.6,0.1,1,0.1,10,10,0.4674588209730605
4601,2.0,0.0,0.8,0.6,0.2,1,0.1,10,10,0.4980674074065255
4602,2.0,0.0,0.8,0.6,0.3,1,0.1,10,10,0.5310161727067679
4603,2.0,0.0,0.8,0.6,0.4,1,0.1,10,10,0.5665232540650097
4604,2.0,0.0,0.8,0.8,0.1,1,0.1,10,10,0.4662505845341349
4605,2.0,0.0,0.8,0.8,0.2,1,0.1,10,10,0.4967988124006168
4606,2.0,0.0,0.8,0.8,0.3,1,0.1,10,10,0.5296720677059015
4607,2.0,0.0,0.8,0.8,0.4,1,0.1,10,10,0.5650846963906291
4608,2.0,0.0,0.9,0.2,0.1,1,0.1,10,10,0.4059927514209758
4609,2.0,0.0,0.9,0.2,0.2,1,0.1,10,10,0.4323721317702941
4610,2.0,0.0,0.9,0.2,0.3,1,0.1,10,10,0.4607812932386541
4611,2.0,0.0,0.9,0.2,0.4,1,0.1,10,10,0.4914132284444779
4612,2.0,0.0,0.9,0.4,0.1,1,0.1,10,10,0.4049602167349025
4613,2.0,0.0,0.9,0.4,0.2,1,0.1,10,10,0.4313353998002396
4614,2.0,0.0,0.9,0.4,0.3,1,0.1,10,10,0.4597304513534772
4615,2.0,0.0,0.9,0.4,0.4,1,0.1,10,10,0.4903352765612229
4616,2.0,0.0,0.9,0.6,0.1,1,0.1,10,10,0.4038525318738334
4617,2.0,0.0,0.9,0.6,0.2,1,0.1,10,10,0.4301925200986007
4618,2.0,0.0,0.9,0.6,0.3,1,0.1,10,10,0.4585408492113969
4619,2.0,0.0,0.9,0.6,0.4,1,0.1,10,10,0.4890843422724566
4620,2.0,0.0,0.9,0.8,0.1,1,0.1,10,10,0.4026914622108634
4621,2.0,0.0,0.9,0.8,0.2,1,0.1,10,10,0.4289653697917444
4622,2.0,0.0,0.9,0.8,0.3,1,0.1,10,10,0.45723505986225
4623,2.0,0.0,0.9,0.8,0.4,1,0.1,10,10,0.4876844888571174
4624,2.0,0.0,1.0,0.2,0.1,1,0.1,10,10,0.3481367496306917
4625,2.0,0.0,1.0,0.2,0.2,1,0.1,10,10,0.370606416163298
4626,2.0,0.0,1.0,0.2,0.3,1,0.1,10,10,0.3947923772450767
4627,2.0,0.0,1.0,0.2,0.4,1,0.1,10,10,0.4208563502598448
4628,2.0,0.0,1.0,0.4,0.1,1,0.1,10,10,0.3471770246642709
4629,2.0,0.0,1.0,0.4,0.2,1,0.1,10,10,0.36964491308957736
4630,2.0,0.0,1.0,0.4,0.3,1,0.1,10,10,0.3938219585635984
4631,2.0,0.0,1.0,0.4,0.4,1,0.1,10,10,0.4198676370262986
4632,2.0,0.0,1.0,0.6,0.1,1,0.1,10,10,0.3461382167506215
4633,2.0,0.0,1.0,0.6,0.2,1,0.1,10,10,0.3685686582194219
4634,2.0,0.0,1.0,0.6,0.3,1,0.1,10,10,0.3926991672565208
4635,2.0,0.0,1.0,0.6,0.4,1,0.1,10,10,0.4186869353760847
4636,2.0,0.0,1.0,0.8,0.1,1,0.1,10,10,0.3450466311386922
4637,2.0,0.0,1.0,0.8,0.2,1,0.1,10,10,0.3674045639496823
4638,2.0,0.0,1.0,0.8,0.3,1,0.1,10,10,0.39145221621779824
4639,2.0,0.0,1.0,0.8,0.4,1,0.1,10,10,0.4173445653858532
4640,2.0,0.5,0.1,0.2,0.1,1,0.1,10,10,1.0376155543800778
4641,2.0,0.5,0.1,0.2,0.2,1,0.1,10,10,1.1032012699996243
4642,2.0,0.5,0.1,0.2,0.3,1,0.1,10,10,1.173600607980335
4643,2.0,0.5,0.1,0.2,0.4,1,0.1,10,10,1.2492575677131563
4644,2.0,0.5,0.1,0.4,0.1,1,0.1,10,10,1.0372632178917145
4645,2.0,0.5,0.1,0.4,0.2,1,0.1,10,10,1.1028116251438436
4646,2.0,0.5,0.1,0.4,0.3,1,0.1,10,10,1.173158531993
4647,2.0,0.5,0.1,0.4,0.4,1,0.1,10,10,1.2487439632641444
4648,2.0,0.5,0.1,0.6,0.1,1,0.1,10,10,1.0369088499667158
4649,2.0,0.5,0.1,0.6,0.2,1,0.1,10,10,1.1024199408491036
4650,2.0,0.5,0.1,0.6,0.3,1,0.1,10,10,1.1727144929346796
4651,2.0,0.5,0.1,0.6,0.4,1,0.1,10,10,1.248228592618291
4652,2.0,0.5,0.1,0.8,0.1,1,0.1,10,10,1.0365525093670966
4653,2.0,0.5,0.1,0.8,0.2,1,0.1,10,10,1.102026286220306
4654,2.0,0.5,0.1,0.8,0.3,1,0.1,10,10,1.172268575161705
4655,2.0,0.5,0.1,0.8,0.4,1,0.1,10,10,1.2477115614594183
4656,2.0,0.5,0.2,0.2,0.1,1,0.1,10,10,0.9485340757104112
4657,2.0,0.5,0.2,0.2,0.2,1,0.1,10,10,1.0091022608434477
4658,2.0,0.5,0.2,0.2,0.3,1,0.1,10,10,1.0741733313904385
4659,2.0,0.5,0.2,0.2,0.4,1,0.1,10,10,1.1441649954908666
4660,2.0,0.5,0.2,0.4,0.1,1,0.1,10,10,0.9479028859538856
4661,2.0,0.5,0.2,0.4,0.2,1,0.1,10,10,1.0084163062888574
4662,2.0,0.5,0.2,0.4,0.3,1,0.1,10,10,1.0734086498737998
4663,2.0,0.5,0.2,0.4,0.4,1,0.1,10,10,1.1432911634534777
4664,2.0,0.5,0.2,0.6,0.1,1,0.1,10,10,0.9472640644387372
4665,2.0,0.5,0.2,0.6,0.2,1,0.1,10,10,1.0077222958478702
4666,2.0,0.5,0.2,0.6,0.3,1,0.1,10,10,1.0726357388128267
4667,2.0,0.5,0.2,0.6,0.4,1,0.1,10,10,1.1424092950774352
4668,2.0,0.5,0.2,0.8,0.1,1,0.1,10,10,0.9466180554100152
4669,2.0,0.5,0.2,0.8,0.2,1,0.1,10,10,1.0070207288490969
4670,2.0,0.5,0.2,0.8,0.3,1,0.1,10,10,1.0718551848119966
4671,2.0,0.5,0.2,0.8,0.4,1,0.1,10,10,1.1415201041881191
4672,2.0,0.5,0.3,0.2,0.1,1,0.1,10,10,0.8607528540871147
4673,2.0,0.5,0.3,0.2,0.2,1,0.1,10,10,0.9161965455941828
4674,2.0,0.5,0.3,0.2,0.3,1,0.1,10,10,0.9758117235599041
4675,2.0,0.5,0.3,0.2,0.4,1,0.1,10,10,1.0399881743202255
4676,2.0,0.5,0.3,0.4,0.1,1,0.1,10,10,0.8599119192581484
4677,2.0,0.5,0.3,0.4,0.2,1,0.1,10,10,0.9152977538383348
4678,2.0,0.5,0.3,0.4,0.3,1,0.1,10,10,0.9748273273949613
4679,2.0,0.5,0.3,0.4,0.4,1,0.1,10,10,1.03888275271455
4680,2.0,0.5,0.3,0.6,0.1,1,0.1,10,10,0.8590549650401876
4681,2.0,0.5,0.3,0.6,0.2,1,0.1,10,10,0.9143811773528442
4682,2.0,0.5,0.3,0.6,0.3,1,0.1,10,10,0.9738237577458496
4683,2.0,0.5,0.3,0.6,0.4,1,0.1,10,10,1.0377573477570787
4684,2.0,0.5,0.3,0.8,0.1,1,0.1,10,10,0.8581833970297389
4685,2.0,0.5,0.3,0.8,0.2,1,0.1,10,10,0.9134483322288564
4686,2.0,0.5,0.3,0.8,0.3,1,0.1,10,10,0.9728027286712176
4687,2.0,0.5,0.3,0.8,0.4,1,0.1,10,10,1.0366139801011862
4688,2.0,0.5,0.4,0.2,0.1,1,0.1,10,10,0.7751079530968965
4689,2.0,0.5,0.4,0.2,0.2,1,0.1,10,10,0.8253833899601132
4690,2.0,0.5,0.4,0.2,0.3,1,0.1,10,10,0.8794811151432012
4691,2.0,0.5,0.4,0.2,0.4,1,0.1,10,10,0.9377610764834432
4692,2.0,0.5,0.4,0.4,0.1,1,0.1,10,10,0.7741206034150893
4693,2.0,0.5,0.4,0.4,0.2,1,0.1,10,10,0.8243443056169392
4694,2.0,0.5,0.4,0.4,0.3,1,0.1,10,10,0.8783625056854282
4695,2.0,0.5,0.4,0.4,0.4,1,0.1,10,10,0.9365272764165724
4696,2.0,0.5,0.4,0.6,0.1,1,0.1,10,10,0.7731069106119325
4697,2.0,0.5,0.4,0.6,0.2,1,0.1,10,10,0.8232745075460193
4698,2.0,0.5,0.4,0.6,0.3,1,0.1,10,10,0.8772091822919448
4699,2.0,0.5,0.4,0.6,0.4,1,0.1,10,10,0.9352553964024696
4700,2.0,0.5,0.4,0.8,0.1,1,0.1,10,10,0.7720699741247641
4701,2.0,0.5,0.4,0.8,0.2,1,0.1,10,10,0.8221772243597089
4702,2.0,0.5,0.4,0.8,0.3,1,0.1,10,10,0.8760246675312924
4703,2.0,0.5,0.4,0.8,0.4,1,0.1,10,10,0.9339494572803014
4704,2.0,0.5,0.5,0.2,0.1,1,0.1,10,10,0.6924431327038963
4705,2.0,0.5,0.5,0.2,0.2,1,0.1,10,10,0.7375794893410768
4706,2.0,0.5,0.5,0.2,0.3,1,0.1,10,10,0.7861760608554831
4707,2.0,0.5,0.5,0.2,0.4,1,0.1,10,10,0.8385610403992202
4708,2.0,0.5,0.5,0.4,0.1,1,0.1,10,10,0.6913657658801964
4709,2.0,0.5,0.5,0.4,0.2,1,0.1,10,10,0.7364612639154249
4710,2.0,0.5,0.5,0.4,0.3,1,0.1,10,10,0.7849916091314958
4711,2.0,0.5,0.5,0.4,0.4,1,0.1,10,10,0.8372776385725842
4712,2.0,0.5,0.5,0.6,0.1,1,0.1,10,10,0.6902507141747752
4713,2.0,0.5,0.5,0.6,0.2,1,0.1,10,10,0.7352970259753024
4714,2.0,0.5,0.5,0.6,0.3,1,0.1,10,10,0.7837530033449992
4715,2.0,0.5,0.5,0.6,0.4,1,0.1,10,10,0.8359324102028903
4716,2.0,0.5,0.5,0.8,0.1,1,0.1,10,10,0.6891035659461656
4717,2.0,0.5,0.5,0.8,0.2,1,0.1,10,10,0.7340924452351056
4718,2.0,0.5,0.5,0.8,0.3,1,0.1,10,10,0.7824662488750213
4719,2.0,0.5,0.5,0.8,0.4,1,0.1,10,10,0.8345320102082854
4720,2.0,0.5,0.6,0.2,0.1,1,0.1,10,10,0.6135656196633141
4721,2.0,0.5,0.6,0.2,0.2,1,0.1,10,10,0.6536702671183985
4722,2.0,0.5,0.6,0.2,0.3,1,0.1,10,10,0.6968669077369684
4723,2.0,0.5,0.6,0.2,0.4,1,0.1,10,10,0.7434504037057726
4724,2.0,0.5,0.6,0.4,0.1,1,0.1,10,10,0.6124468802784592
4725,2.0,0.5,0.6,0.4,0.2,1,0.1,10,10,0.6525227882344351
4726,2.0,0.5,0.6,0.4,0.3,1,0.1,10,10,0.6956690811635777
4727,2.0,0.5,0.6,0.4,0.4,1,0.1,10,10,0.7421742199803287
4728,2.0,0.5,0.6,0.6,0.1,1,0.1,10,10,0.6112790470080481
4729,2.0,0.5,0.6,0.6,0.2,1,0.1,10,10,0.6513127637794534
4730,2.0,0.5,0.6,0.6,0.3,1,0.1,10,10,0.6943950881541342
4731,2.0,0.5,0.6,0.6,0.4,1,0.1,10,10,0.7408083357296601
4732,2.0,0.5,0.6,0.8,0.1,1,0.1,10,10,0.6100709643013104
4733,2.0,0.5,0.6,0.8,0.2,1,0.1,10,10,0.650049019840176
4734,2.0,0.5,0.6,0.8,0.3,1,0.1,10,10,0.6930540844916203
4735,2.0,0.5,0.6,0.8,0.4,1,0.1,10,10,0.7393626626242292
4736,2.0,0.5,0.7,0.2,0.1,1,0.1,10,10,0.5392011297944227
4737,2.0,0.5,0.7,0.2,0.2,1,0.1,10,10,0.5744593797225845
4738,2.0,0.5,0.7,0.2,0.3,1,0.1,10,10,0.612443208883624
4739,2.0,0.5,0.7,0.2,0.4,1,0.1,10,10,0.6534132381259103
4740,2.0,0.5,0.7,0.4,0.1,1,0.1,10,10,0.5380814735338294
4741,2.0,0.5,0.7,0.4,0.2,1,0.1,10,10,0.5733219113941161
4742,2.0,0.5,0.7,0.4,0.3,1,0.1,10,10,0.6112705194459201
4743,2.0,0.5,0.7,0.4,0.4,1,0.1,10,10,0.6521826604463182
4744,2.0,0.5,0.7,0.6,0.1,1,0.1,10,10,0.5369021675438799
4745,2.0,0.5,0.7,0.6,0.2,1,0.1,10,10,0.5721054705752161
4746,2.0,0.5,0.7,0.6,0.3,1,0.1,10,10,0.6099988927773266
4747,2.0,0.5,0.7,0.6,0.4,1,0.1,10,10,0.6508327304616683
4748,2.0,0.5,0.7,0.8,0.1,1,0.1,10,10,0.5356759675712314
4749,2.0,0.5,0.7,0.8,0.2,1,0.1,10,10,0.5708227061899195
4750,2.0,0.5,0.7,0.8,0.3,1,0.1,10,10,0.6086413126947554
4751,2.0,0.5,0.7,0.8,0.4,1,0.1,10,10,0.6493773019025446
4752,2.0,0.5,0.8,0.2,0.1,1,0.1,10,10,0.4699533107523248
4753,2.0,0.5,0.8,0.2,0.2,1,0.1,10,10,0.5006223502780699
4754,2.0,0.5,0.8,0.2,0.3,1,0.1,10,10,0.5336607419341002
4755,2.0,0.5,0.8,0.2,0.4,1,0.1,10,10,0.5692948622466718
4756,2.0,0.5,0.8,0.4,0.1,1,0.1,10,10,0.4688649641312978
4757,2.0,0.5,0.8,0.4,0.2,1,0.1,10,10,0.4995245461551239
4758,2.0,0.5,0.8,0.4,0.3,1,0.1,10,10,0.5325400849002129
4759,2.0,0.5,0.8,0.4,0.4,1,0.1,10,10,0.5681338421347234
4760,2.0,0.5,0.8,0.6,0.1,1,0.1,10,10,0.4677080751636527
4761,2.0,0.5,0.8,0.6,0.2,1,0.1,10,10,0.4983328281171018
4762,2.0,0.5,0.8,0.6,0.3,1,0.1,10,10,0.5312989915865863
4763,2.0,0.5,0.8,0.6,0.4,1,0.1,10,10,0.5668248201219862
4764,2.0,0.5,0.8,0.8,0.1,1,0.1,10,10,0.4664997795393988
4765,2.0,0.5,0.8,0.8,0.2,1,0.1,10,10,0.4970642416744926
4766,2.0,0.5,0.8,0.8,0.3,1,0.1,10,10,0.5299549503532401
4767,2.0,0.5,0.8,0.8,0.4,1,0.1,10,10,0.5653863648287666
4768,2.0,0.5,0.9,0.2,0.1,1,0.1,10,10,0.40627244234740995
4769,2.0,0.5,0.9,0.2,0.2,1,0.1,10,10,0.43267003839033547
4770,2.0,0.5,0.9,0.2,0.3,1,0.1,10,10,0.4610988622189968
4771,2.0,0.5,0.9,0.2,0.4,1,0.1,10,10,0.4917520536736428
4772,2.0,0.5,0.9,0.4,0.1,1,0.1,10,10,0.40523972939834335
4773,2.0,0.5,0.9,0.4,0.2,1,0.1,10,10,0.4316331692826842
4774,2.0,0.5,0.9,0.4,0.3,1,0.1,10,10,0.46004790974718707
4775,2.0,0.5,0.9,0.4,0.4,1,0.1,10,10,0.4906739984798694
4776,2.0,0.5,0.9,0.6,0.1,1,0.1,10,10,0.4041318664114124
4777,2.0,0.5,0.9,0.6,0.2,1,0.1,10,10,0.43049018138524736
4778,2.0,0.5,0.9,0.6,0.3,1,0.1,10,10,0.4588582394904434
4779,2.0,0.5,0.9,0.6,0.4,1,0.1,10,10,0.4894230476749583
4780,2.0,0.5,0.9,0.8,0.1,1,0.1,10,10,0.4029705911747945
4781,2.0,0.5,0.9,0.8,0.2,1,0.1,10,10,0.4292629160630959
4782,2.0,0.5,0.9,0.8,0.3,1,0.1,10,10,0.4575524262903947
4783,2.0,0.5,0.9,0.8,0.4,1,0.1,10,10,0.4880232162543273
4784,2.0,0.5,1.0,0.2,0.1,1,0.1,10,10,0.34843717855957185
4785,2.0,0.5,1.0,0.2,0.2,1,0.1,10,10,0.3709264713666168
4786,2.0,0.5,1.0,0.2,0.3,1,0.1,10,10,0.3951336271842106
4787,2.0,0.5,1.0,0.2,0.4,1,0.1,10,10,0.4212205238776007
4788,2.0,0.5,1.0,0.4,0.1,1,0.1,10,10,0.3474771556597329
4789,2.0,0.5,1.0,0.4,0.2,1,0.1,10,10,0.3699647334280428
4790,2.0,0.5,1.0,0.4,0.3,1,0.1,10,10,0.394163023489489
4791,2.0,0.5,1.0,0.4,0.4,1,0.1,10,10,0.4202316584889216
4792,2.0,0.5,1.0,0.6,0.1,1,0.1,10,10,0.3464380334731313
4793,2.0,0.5,1.0,0.6,0.2,1,0.1,10,10,0.3688882508626819
4794,2.0,0.5,1.0,0.6,0.3,1,0.1,10,10,0.3930400794162064
4795,2.0,0.5,1.0,0.6,0.4,1,0.1,10,10,0.4190508633171505
4796,2.0,0.5,1.0,0.8,0.1,1,0.1,10,10,0.3453460853917041
4797,2.0,0.5,1.0,0.8,0.2,1,0.1,10,10,0.3677238966861984
4798,2.0,0.5,1.0,0.8,0.3,1,0.1,10,10,0.3917929600250163
4799,2.0,0.5,1.0,0.8,0.4,1,0.1,10,10,0.4177084017580645
4800,2.0,1.0,0.1,0.2,0.1,1,0.1,10,10,1.0376100586825558
4801,2.0,1.0,0.1,0.2,0.2,1,0.1,10,10,1.1031949650487232
4802,2.0,1.0,0.1,0.2,0.3,1,0.1,10,10,1.1735933824258764
4803,2.0,1.0,0.1,0.2,0.4,1,0.1,10,10,1.2492492943496352
4804,2.0,1.0,0.1,0.4,0.1,1,0.1,10,10,1.0372578027486126
4805,2.0,1.0,0.1,0.4,0.2,1,0.1,10,10,1.1028054177354345
4806,2.0,1.0,0.1,0.4,0.3,1,0.1,10,10,1.1731514352243808
4807,2.0,1.0,0.1,0.4,0.4,1,0.1,10,10,1.2487358683859642
4808,2.0,1.0,0.1,0.6,0.1,1,0.1,10,10,1.036903518198887
4809,2.0,1.0,0.1,0.6,0.2,1,0.1,10,10,1.1024138341016392
4810,2.0,1.0,0.1,0.6,0.3,1,0.1,10,10,1.1727075284589246
4811,2.0,1.0,0.1,0.6,0.4,1,0.1,10,10,1.24822068021749
4812,2.0,1.0,0.1,0.8,0.1,1,0.1,10,10,1.036547263747441
4813,2.0,1.0,0.1,0.8,0.2,1,0.1,10,10,1.1020202831918606
4814,2.0,1.0,0.1,0.8,0.3,1,0.1,10,10,1.1722617464051843
4815,2.0,1.0,0.1,0.8,0.4,1,0.1,10,10,1.2477038354167191
4816,2.0,1.0,0.2,0.2,0.1,1,0.1,10,10,0.9485694894200022
4817,2.0,1.0,0.2,0.2,0.2,1,0.1,10,10,1.009138921144876
4818,2.0,1.0,0.2,0.2,0.3,1,0.1,10,10,1.0742112253358678
4819,2.0,1.0,0.2,0.2,0.4,1,0.1,10,10,1.1442040984737372
4820,2.0,1.0,0.2,0.4,0.1,1,0.1,10,10,0.9479385412399602
4821,2.0,1.0,0.2,0.4,0.2,1,0.1,10,10,1.0084532263054442
4822,2.0,1.0,0.2,0.4,0.3,1,0.1,10,10,1.073446841651799
4823,2.0,1.0,0.2,0.4,0.4,1,0.1,10,10,1.1433306288378962
4824,2.0,1.0,0.2,0.6,0.1,1,0.1,10,10,0.9472999724210172
4825,2.0,1.0,0.2,0.6,0.2,1,0.1,10,10,1.007759488128757
4826,2.0,1.0,0.2,0.6,0.3,1,0.1,10,10,1.0726742425225206
4827,2.0,1.0,0.2,0.6,0.4,1,0.1,10,10,1.1424491385934452
4828,2.0,1.0,0.2,0.8,0.1,1,0.1,10,10,0.946654226519024
4829,2.0,1.0,0.2,0.8,0.2,1,0.1,10,10,1.0070582051792385
4830,2.0,1.0,0.2,0.8,0.3,1,0.1,10,10,1.0718940136523971
4831,2.0,1.0,0.2,0.8,0.4,1,0.1,10,10,1.1415603404508698
4832,2.0,1.0,0.3,0.2,0.1,1,0.1,10,10,0.8608683903619874
4833,2.0,1.0,0.3,0.2,0.2,1,0.1,10,10,0.9163180248973568
4834,2.0,1.0,0.3,0.2,0.3,1,0.1,10,10,0.9759394450284185
4835,2.0,1.0,0.3,0.2,0.4,1,0.1,10,10,1.040122450961946
4836,2.0,1.0,0.3,0.4,0.1,1,0.1,10,10,0.8600278534077791
4837,2.0,1.0,0.3,0.4,0.2,1,0.1,10,10,0.9154196349625744
4838,2.0,1.0,0.3,0.4,0.3,1,0.1,10,10,0.9749554701366469
4839,2.0,1.0,0.3,0.4,0.4,1,0.1,10,10,1.0390174915507768
4840,2.0,1.0,0.3,0.6,0.1,1,0.1,10,10,0.8591713209014857
4841,2.0,1.0,0.3,0.6,0.2,1,0.1,10,10,0.9145034890927152
4842,2.0,1.0,0.3,0.6,0.3,1,0.1,10,10,0.9739523556166224
4843,2.0,1.0,0.3,0.6,0.4,1,0.1,10,10,1.0378925876816365
4844,2.0,1.0,0.3,0.8,0.1,1,0.1,10,10,0.8583001953477194
4845,2.0,1.0,0.3,0.8,0.2,1,0.1,10,10,0.9135711001523272
4846,2.0,1.0,0.3,0.8,0.3,1,0.1,10,10,0.9729318119879454
4847,2.0,1.0,0.3,0.8,0.4,1,0.1,10,10,1.0367497559301193
4848,2.0,1.0,0.4,0.2,0.1,1,0.1,10,10,0.7753331631081211
4849,2.0,1.0,0.4,0.2,0.2,1,0.1,10,10,0.8256214176981944
4850,2.0,1.0,0.4,0.2,0.3,1,0.1,10,10,0.8797327683630338
4851,2.0,1.0,0.4,0.2,0.4,1,0.1,10,10,0.9380272237375104
4852,2.0,1.0,0.4,0.4,0.1,1,0.1,10,10,0.7743463013488608
4853,2.0,1.0,0.4,0.4,0.2,1,0.1,10,10,0.8245828054719369
4854,2.0,1.0,0.4,0.4,0.3,1,0.1,10,10,0.8786146181059342
4855,2.0,1.0,0.4,0.4,0.4,1,0.1,10,10,0.9367938757128071
4856,2.0,1.0,0.4,0.6,0.1,1,0.1,10,10,0.7733331351140111
4857,2.0,1.0,0.4,0.6,0.2,1,0.1,10,10,0.823513531006053
4858,2.0,1.0,0.4,0.6,0.3,1,0.1,10,10,0.8774618185781503
4859,2.0,1.0,0.4,0.6,0.4,1,0.1,10,10,0.935522525746572
4860,2.0,1.0,0.4,0.8,0.1,1,0.1,10,10,0.7722967553114471
4861,2.0,1.0,0.4,0.8,0.2,1,0.1,10,10,0.8224168142776366
4862,2.0,1.0,0.4,0.8,0.3,1,0.1,10,10,0.8762778832691446
4863,2.0,1.0,0.4,0.8,0.4,1,0.1,10,10,0.934217184734299
4864,2.0,1.0,0.5,0.2,0.1,1,0.1,10,10,0.6927961774383162
4865,2.0,1.0,0.5,0.2,0.2,1,0.1,10,10,0.7379537292393897
4866,2.0,1.0,0.5,0.2,0.3,1,0.1,10,10,0.7865729668440828
4867,2.0,1.0,0.5,0.2,0.4,1,0.1,10,10,0.8389822100894939
4868,2.0,1.0,0.5,0.4,0.1,1,0.1,10,10,0.6917192868562896
4869,2.0,1.0,0.5,0.4,0.2,1,0.1,10,10,0.7368359520644127
4870,2.0,1.0,0.5,0.4,0.3,1,0.1,10,10,0.7853889218275887
4871,2.0,1.0,0.5,0.4,0.4,1,0.1,10,10,0.8376991580583952
4872,2.0,1.0,0.5,0.6,0.1,1,0.1,10,10,0.6906047632870248
4873,2.0,1.0,0.5,0.6,0.2,1,0.1,10,10,0.7356722401908219
4874,2.0,1.0,0.5,0.6,0.3,1,0.1,10,10,0.7841508275510382
4875,2.0,1.0,0.5,0.6,0.4,1,0.1,10,10,0.8363544122517665
4876,2.0,1.0,0.5,0.8,0.1,1,0.1,10,10,0.689458177213853
4877,2.0,1.0,0.5,0.8,0.2,1,0.1,10,10,0.7344682453462933
4878,2.0,1.0,0.5,0.8,0.3,1,0.1,10,10,0.7828646707844314
4879,2.0,1.0,0.5,0.8,0.4,1,0.1,10,10,0.8349546077417622
4880,2.0,1.0,0.6,0.2,0.1,1,0.1,10,10,0.6140525671682471
4881,2.0,1.0,0.6,0.2,0.2,1,0.1,10,10,0.6541874675813897
4882,2.0,1.0,0.6,0.2,0.3,1,0.1,10,10,0.6974165848602724
4883,2.0,1.0,0.6,0.2,0.4,1,0.1,10,10,0.7440349870183046
4884,2.0,1.0,0.6,0.4,0.1,1,0.1,10,10,0.6129341801936489
4885,2.0,1.0,0.6,0.4,0.2,1,0.1,10,10,0.6530403192980594
4886,2.0,1.0,0.6,0.4,0.3,1,0.1,10,10,0.6962190380442976
4887,2.0,1.0,0.6,0.4,0.4,1,0.1,10,10,0.7427589964275335
4888,2.0,1.0,0.6,0.6,0.1,1,0.1,10,10,0.6117667582952869
4889,2.0,1.0,0.6,0.6,0.2,1,0.1,10,10,0.6518307273161907
4890,2.0,1.0,0.6,0.6,0.3,1,0.1,10,10,0.6949454718418422
4891,2.0,1.0,0.6,0.6,0.4,1,0.1,10,10,0.7413934999445906
4892,2.0,1.0,0.6,0.8,0.1,1,0.1,10,10,0.6105591147065084
4893,2.0,1.0,0.6,0.8,0.2,1,0.1,10,10,0.6505674858289923
4894,2.0,1.0,0.6,0.8,0.3,1,0.1,10,10,0.6936050087789177
4895,2.0,1.0,0.6,0.8,0.4,1,0.1,10,10,0.7399483738313775
4896,2.0,1.0,0.7,0.2,0.1,1,0.1,10,10,0.5398164176907256
4897,2.0,1.0,0.7,0.2,0.2,1,0.1,10,10,0.5751137886772096
4898,2.0,1.0,0.7,0.2,0.3,1,0.1,10,10,0.6131397252235486
4899,2.0,1.0,0.7,0.2,0.4,1,0.1,10,10,0.6541551376910061
4900,2.0,1.0,0.7,0.4,0.1,1,0.1,10,10,0.5386968885237503
4901,2.0,1.0,0.7,0.4,0.2,1,0.1,10,10,0.5739764548398364
4902,2.0,1.0,0.7,0.4,0.3,1,0.1,10,10,0.6119671378004807
4903,2.0,1.0,0.7,0.4,0.4,1,0.1,10,10,0.6529245789544422
4904,2.0,1.0,0.7,0.6,0.1,1,0.1,10,10,0.5375177647339187
4905,2.0,1.0,0.7,0.6,0.2,1,0.1,10,10,0.5727602639733832
4906,2.0,1.0,0.7,0.6,0.3,1,0.1,10,10,0.6106957925423929
4907,2.0,1.0,0.7,0.6,0.4,1,0.1,10,10,0.6515749152563625
4908,2.0,1.0,0.7,0.8,0.1,1,0.1,10,10,0.5362917544432662
4909,2.0,1.0,0.7,0.8,0.2,1,0.1,10,10,0.5714778146986583
4910,2.0,1.0,0.7,0.8,0.3,1,0.1,10,10,0.6093386194122373
4911,2.0,1.0,0.7,0.8,0.4,1,0.1,10,10,0.6501199419693571
4912,2.0,1.0,0.8,0.2,0.1,1,0.1,10,10,0.4706813228894328
4913,2.0,1.0,0.8,0.2,0.2,1,0.1,10,10,0.5013973569849531
4914,2.0,1.0,0.8,0.2,0.3,1,0.1,10,10,0.5344864203350843
4915,2.0,1.0,0.8,0.2,0.4,1,0.1,10,10,0.5701752568925238
4916,2.0,1.0,0.8,0.4,0.1,1,0.1,10,10,0.469592802313205
4917,2.0,1.0,0.8,0.4,0.2,1,0.1,10,10,0.5002994358911868
4918,2.0,1.0,0.8,0.4,0.3,1,0.1,10,10,0.5333656589691821
4919,2.0,1.0,0.8,0.4,0.4,1,0.1,10,10,0.5690140876866244
4920,2.0,1.0,0.8,0.6,0.1,1,0.1,10,10,0.468435776050005
4921,2.0,1.0,0.8,0.6,0.2,1,0.1,10,10,0.499107711070875
4922,2.0,1.0,0.8,0.6,0.3,1,0.1,10,10,0.5321246495191402
4923,2.0,1.0,0.8,0.6,0.4,1,0.1,10,10,0.5677051879200249
4924,2.0,1.0,0.8,0.8,0.1,1,0.1,10,10,0.4672273146732833
4925,2.0,1.0,0.8,0.8,0.2,1,0.1,10,10,0.4978391559230965
4926,2.0,1.0,0.8,0.8,0.3,1,0.1,10,10,0.5307808001736515
4927,2.0,1.0,0.8,0.8,0.4,1,0.1,10,10,0.5662670368685258
4928,2.0,1.0,0.9,0.2,0.1,1,0.1,10,10,0.4070899608814581
4929,2.0,1.0,0.9,0.2,0.2,1,0.1,10,10,0.4335407921301215
4930,2.0,1.0,0.9,0.2,0.3,1,0.1,10,10,0.4620270777925659
4931,2.0,1.0,0.9,0.2,0.4,1,0.1,10,10,0.4927423875073233
4932,2.0,1.0,0.9,0.4,0.1,1,0.1,10,10,0.4060567311514036
4933,2.0,1.0,0.9,0.4,0.2,1,0.1,10,10,0.4325035246836237
4934,2.0,1.0,0.9,0.4,0.3,1,0.1,10,10,0.4609758272372945
4935,2.0,1.0,0.9,0.4,0.4,1,0.1,10,10,0.4916640485238593
4936,2.0,1.0,0.9,0.6,0.1,1,0.1,10,10,0.4049483535714799
4937,2.0,1.0,0.9,0.6,0.2,1,0.1,10,10,0.4313602549396908
4938,2.0,1.0,0.9,0.6,0.3,1,0.1,10,10,0.4597859996690777
4939,2.0,1.0,0.9,0.6,0.4,1,0.1,10,10,0.4904130351489085
4940,2.0,1.0,0.9,0.8,0.1,1,0.1,10,10,0.4037865165113523
4941,2.0,1.0,0.9,0.8,0.2,1,0.1,10,10,0.4301326342137177
4942,2.0,1.0,0.9,0.8,0.3,1,0.1,10,10,0.4584800638172137
4943,2.0,1.0,0.9,0.8,0.4,1,0.1,10,10,0.4890132743525176
4944,2.0,1.0,1.0,0.2,0.1,1,0.1,10,10,0.3493163840743725
4945,2.0,1.0,1.0,0.2,0.2,1,0.1,10,10,0.3718631120679828
4946,2.0,1.0,1.0,0.2,0.3,1,0.1,10,10,0.3961322895145773
4947,2.0,1.0,1.0,0.2,0.4,1,0.1,10,10,0.4222862662354386
4948,2.0,1.0,1.0,0.4,0.1,1,0.1,10,10,0.3483554950626456
4949,2.0,1.0,1.0,0.4,0.2,1,0.1,10,10,0.3709006897492362
4950,2.0,1.0,1.0,0.4,0.3,1,0.1,10,10,0.3951611455594157
4951,2.0,1.0,1.0,0.4,0.4,1,0.1,10,10,0.4212969548847731
4952,2.0,1.0,1.0,0.6,0.1,1,0.1,10,10,0.3473154593511382
4953,2.0,1.0,1.0,0.6,0.2,1,0.1,10,10,0.3698235463647359
4954,2.0,1.0,1.0,0.6,0.3,1,0.1,10,10,0.3940377590532916
4955,2.0,1.0,1.0,0.6,0.4,1,0.1,10,10,0.4201158896493001
4956,2.0,1.0,1.0,0.8,0.1,1,0.1,10,10,0.34622245826669923
4957,2.0,1.0,1.0,0.8,0.2,1,0.1,10,10,0.36865843946664173
4958,2.0,1.0,1.0,0.8,0.3,1,0.1,10,10,0.392790155050028
4959,2.0,1.0,1.0,0.8,0.4,1,0.1,10,10,0.4187731681396227
4960,2.0,1.5,0.1,0.2,0.1,1,0.1,10,10,1.03759994010391
4961,2.0,1.5,0.1,0.2,0.2,1,0.1,10,10,1.103183460811563
4962,2.0,1.5,0.1,0.2,0.3,1,0.1,10,10,1.1735803064260193
4963,2.0,1.5,0.1,0.2,0.4,1,0.1,10,10,1.2492344341814914
4964,2.0,1.5,0.1,0.4,0.1,1,0.1,10,10,1.0372478119304231
4965,2.0,1.5,0.1,0.4,0.2,1,0.1,10,10,1.102794068765743
4966,2.0,1.5,0.1,0.4,0.3,1,0.1,10,10,1.1731385652323447
4967,2.0,1.5,0.1,0.4,0.4,1,0.1,10,10,1.248721295041509
4968,2.0,1.5,0.1,0.6,0.1,1,0.1,10,10,1.036893659723494
4969,2.0,1.5,0.1,0.6,0.2,1,0.1,10,10,1.102402645469346
4970,2.0,1.5,0.1,0.6,0.3,1,0.1,10,10,1.172694870183976
4971,2.0,1.5,0.1,0.6,0.4,1,0.1,10,10,1.248206400207033
4972,2.0,1.5,0.1,0.8,0.1,1,0.1,10,10,1.0365375421213976
4973,2.0,1.5,0.1,0.8,0.2,1,0.1,10,10,1.10200925987115
4974,2.0,1.5,0.1,0.8,0.3,1,0.1,10,10,1.1722493054281653
4975,2.0,1.5,0.1,0.8,0.4,1,0.1,10,10,1.2476898550726934
4976,2.0,1.5,0.2,0.2,0.1,1,0.1,10,10,0.9486227666895324
4977,2.0,1.5,0.2,0.2,0.2,1,0.1,10,10,1.009193968334137
4978,2.0,1.5,0.2,0.2,0.3,1,0.1,10,10,1.074268002817425
4979,2.0,1.5,0.2,0.2,0.4,1,0.1,10,10,1.1442625458082274
4980,2.0,1.5,0.2,0.4,0.1,1,0.1,10,10,0.947992201445572
4981,2.0,1.5,0.2,0.4,0.2,1,0.1,10,10,1.0085086857211798
4982,2.0,1.5,0.2,0.4,0.3,1,0.1,10,10,1.0735040934021791
4983,2.0,1.5,0.2,0.4,0.4,1,0.1,10,10,1.1433896558225995
4984,2.0,1.5,0.2,0.6,0.1,1,0.1,10,10,0.9473540335921796
4985,2.0,1.5,0.2,0.6,0.2,1,0.1,10,10,1.0078153801187515
4986,2.0,1.5,0.2,0.6,0.3,1,0.1,10,10,1.0727319914252234
4987,2.0,1.5,0.2,0.6,0.4,1,0.1,10,10,1.1425087708068378
4988,2.0,1.5,0.2,0.8,0.1,1,0.1,10,10,0.9467087055965836
4989,2.0,1.5,0.2,0.8,0.2,1,0.1,10,10,1.0071145488829365
4990,2.0,1.5,0.2,0.8,0.3,1,0.1,10,10,1.0719522811647162
4991,2.0,1.5,0.2,0.8,0.4,1,0.1,10,10,1.1416206017001969
4992,2.0,1.5,0.3,0.2,0.1,1,0.1,10,10,0.8610472580168073
4993,2.0,1.5,0.3,0.2,0.2,1,0.1,10,10,0.9165060073348191
4994,2.0,1.5,0.3,0.2,0.3,1,0.1,10,10,0.9761369881734372
4995,2.0,1.5,0.3,0.2,0.4,1,0.1,10,10,1.0403300192688447
4996,2.0,1.5,0.3,0.4,0.1,1,0.1,10,10,0.8602073521798126
4997,2.0,1.5,0.3,0.4,0.2,1,0.1,10,10,0.9156082548088198
4998,2.0,1.5,0.3,0.4,0.3,1,0.1,10,10,0.9751536829294034
4999,2.0,1.5,0.3,0.4,0.4,1,0.1,10,10,1.0392257975779091
5000,2.0,1.5,0.3,0.6,0.1,1,0.1,10,10,0.8593514894116745
5001,2.0,1.5,0.3,0.6,0.2,1,0.1,10,10,0.9146927929196156
5002,2.0,1.5,0.3,0.6,0.3,1,0.1,10,10,0.9741512927939874
5003,2.0,1.5,0.3,0.6,0.4,1,0.1,10,10,1.0381016943522816
5004,2.0,1.5,0.3,0.8,0.1,1,0.1,10,10,0.8584810673342805
5005,2.0,1.5,0.3,0.8,0.2,1,0.1,10,10,0.9137611294363656
5006,2.0,1.5,0.3,0.8,0.3,1,0.1,10,10,0.9731315226927316
5007,2.0,1.5,0.3,0.8,0.4,1,0.1,10,10,1.0369597197101474
5008,2.0,1.5,0.4,0.2,0.1,1,0.1,10,10,0.7756846679883738
5009,2.0,1.5,0.4,0.2,0.2,1,0.1,10,10,0.8259928487095112
5010,2.0,1.5,0.4,0.2,0.3,1,0.1,10,10,0.8801253696377864
5011,2.0,1.5,0.4,0.2,0.4,1,0.1,10,10,0.9384423313121794
5012,2.0,1.5,0.4,0.4,0.1,1,0.1,10,10,0.7746985815077093
5013,2.0,1.5,0.4,0.4,0.2,1,0.1,10,10,0.8249549858495577
5014,2.0,1.5,0.4,0.4,0.3,1,0.1,10,10,0.8790079489061174
5015,2.0,1.5,0.4,0.4,0.4,1,0.1,10,10,0.9372097040874592
5016,2.0,1.5,0.4,0.6,0.1,1,0.1,10,10,0.7736862532053823
5017,2.0,1.5,0.4,0.6,0.2,1,0.1,10,10,0.8238865438867975
5018,2.0,1.5,0.4,0.6,0.3,1,0.1,10,10,0.8778559831248859
5019,2.0,1.5,0.4,0.6,0.4,1,0.1,10,10,0.9359392005695616
5020,2.0,1.5,0.4,0.8,0.1,1,0.1,10,10,0.7726507605181612
5021,2.0,1.5,0.4,0.8,0.2,1,0.1,10,10,0.8227907291697144
5022,2.0,1.5,0.4,0.8,0.3,1,0.1,10,10,0.8766729714534037
5023,2.0,1.5,0.4,0.8,0.4,1,0.1,10,10,0.934634815943534
5024,2.0,1.5,0.5,0.2,0.1,1,0.1,10,10,0.6933495346057068
5025,2.0,1.5,0.5,0.2,0.2,1,0.1,10,10,0.738540234477147
5026,2.0,1.5,0.5,0.2,0.3,1,0.1,10,10,0.7871949098699889
5027,2.0,1.5,0.5,0.2,0.4,1,0.1,10,10,0.8396420762091458
5028,2.0,1.5,0.5,0.4,0.1,1,0.1,10,10,0.6922734033273988
5029,2.0,1.5,0.5,0.4,0.2,1,0.1,10,10,0.7374231701462359
5030,2.0,1.5,0.5,0.4,0.3,1,0.1,10,10,0.7860115111900451
5031,2.0,1.5,0.5,0.4,0.4,1,0.1,10,10,0.8383595815862974
5032,2.0,1.5,0.5,0.6,0.1,1,0.1,10,10,0.6911597234060971
5033,2.0,1.5,0.5,0.6,0.2,1,0.1,10,10,0.7362602967207764
5034,2.0,1.5,0.5,0.6,0.3,1,0.1,10,10,0.7847742318905965
5035,2.0,1.5,0.5,0.6,0.4,1,0.1,10,10,0.8370156065176809
5036,2.0,1.5,0.5,0.8,0.1,1,0.1,10,10,0.6900140370811095
5037,2.0,1.5,0.5,0.8,0.2,1,0.1,10,10,0.7350572375440109
5038,2.0,1.5,0.5,0.8,0.3,1,0.1,10,10,0.7834890293941824
5039,2.0,1.5,0.5,0.8,0.4,1,0.1,10,10,0.8356167547721174
5040,2.0,1.5,0.6,0.2,0.1,1,0.1,10,10,0.6148180514378161
5041,2.0,1.5,0.6,0.2,0.2,1,0.1,10,10,0.6550004453917367
5042,2.0,1.5,0.6,0.2,0.3,1,0.1,10,10,0.6982805374915855
5043,2.0,1.5,0.6,0.2,0.4,1,0.1,10,10,0.7449537164667281
5044,2.0,1.5,0.6,0.4,0.1,1,0.1,10,10,0.6137002307802429
5045,2.0,1.5,0.6,0.4,0.2,1,0.1,10,10,0.6538538253481218
5046,2.0,1.5,0.6,0.4,0.3,1,0.1,10,10,0.6970834360124233
5047,2.0,1.5,0.6,0.4,0.4,1,0.1,10,10,0.7436780332407249
5048,2.0,1.5,0.6,0.6,0.1,1,0.1,10,10,0.6125334715674634
5049,2.0,1.5,0.6,0.6,0.2,1,0.1,10,10,0.6526449262778866
5050,2.0,1.5,0.6,0.6,0.3,1,0.1,10,10,0.6958105518210337
5051,2.0,1.5,0.6,0.6,0.4,1,0.1,10,10,0.7423131567316867
5052,2.0,1.5,0.6,0.8,0.1,1,0.1,10,10,0.6113265376644005
5053,2.0,1.5,0.6,0.8,0.2,1,0.1,10,10,0.6513824920216124
5054,2.0,1.5,0.6,0.8,0.3,1,0.1,10,10,0.6944709550023683
5055,2.0,1.5,0.6,0.8,0.4,1,0.1,10,10,0.7408689073985446
5056,2.0,1.5,0.7,0.2,0.1,1,0.1,10,10,0.5407860419017861
5057,2.0,1.5,0.7,0.2,0.2,1,0.1,10,10,0.5761450105211947
5058,2.0,1.5,0.7,0.2,0.3,1,0.1,10,10,0.6142372385377127
5059,2.0,1.5,0.7,0.2,0.4,1,0.1,10,10,0.6553240898765417
5060,2.0,1.5,0.7,0.4,0.1,1,0.1,10,10,0.5396667252181878
5061,2.0,1.5,0.7,0.4,0.2,1,0.1,10,10,0.5750078958802622
5062,2.0,1.5,0.7,0.4,0.3,1,0.1,10,10,0.6130648147369847
5063,2.0,1.5,0.7,0.4,0.4,1,0.1,10,10,0.6540935601959769
5064,2.0,1.5,0.7,0.6,0.1,1,0.1,10,10,0.5384879051338236
5065,2.0,1.5,0.7,0.6,0.2,1,0.1,10,10,0.5737921115881359
5066,2.0,1.5,0.7,0.6,0.3,1,0.1,10,10,0.6117939224790635
5067,2.0,1.5,0.7,0.6,0.4,1,0.1,10,10,0.6527443234579658
5068,2.0,1.5,0.7,0.8,0.1,1,0.1,10,10,0.5372622143987018
5069,2.0,1.5,0.7,0.8,0.2,1,0.1,10,10,0.5725101768179015
5070,2.0,1.5,0.7,0.8,0.3,1,0.1,10,10,0.6104374068041386
5071,2.0,1.5,0.7,0.8,0.4,1,0.1,10,10,0.6512900831034193
5072,2.0,1.5,0.8,0.2,0.1,1,0.1,10,10,0.471831239976879
5073,2.0,1.5,0.8,0.2,0.2,1,0.1,10,10,0.5026214630504761
5074,2.0,1.5,0.8,0.2,0.3,1,0.1,10,10,0.5357905152752364
5075,2.0,1.5,0.8,0.2,0.4,1,0.1,10,10,0.5715657185252633
5076,2.0,1.5,0.8,0.4,0.1,1,0.1,10,10,0.4707424572526007
5077,2.0,1.5,0.8,0.4,0.2,1,0.1,10,10,0.5015233637905485
5078,2.0,1.5,0.8,0.4,0.3,1,0.1,10,10,0.5346695901407117
5079,2.0,1.5,0.8,0.4,0.4,1,0.1,10,10,0.5704043097618396
5080,2.0,1.5,0.8,0.6,0.1,1,0.1,10,10,0.469585231873962
5081,2.0,1.5,0.8,0.6,0.2,1,0.1,10,10,0.50033164134482
5082,2.0,1.5,0.8,0.6,0.3,1,0.1,10,10,0.5334287221005524
5083,2.0,1.5,0.8,0.6,0.4,1,0.1,10,10,0.5690956087829959
5084,2.0,1.5,0.8,0.8,0.1,1,0.1,10,10,0.4683765311757034
5085,2.0,1.5,0.8,0.8,0.2,1,0.1,10,10,0.4990631692628508
5086,2.0,1.5,0.8,0.8,0.3,1,0.1,10,10,0.5320852124661076
5087,2.0,1.5,0.8,0.8,0.4,1,0.1,10,10,0.5676579807302135
5088,2.0,1.5,0.9,0.2,0.1,1,0.1,10,10,0.4083842035050208
5089,2.0,1.5,0.9,0.2,0.2,1,0.1,10,10,0.4349194103407783
5090,2.0,1.5,0.9,0.2,0.3,1,0.1,10,10,0.4634966229373104
5091,2.0,1.5,0.9,0.2,0.4,1,0.1,10,10,0.4943102245061489
5092,2.0,1.5,0.9,0.4,0.1,1,0.1,10,10,0.4073502302583572
5093,2.0,1.5,0.9,0.4,0.2,1,0.1,10,10,0.433881523434424
5094,2.0,1.5,0.9,0.4,0.3,1,0.1,10,10,0.4624448436487647
5095,2.0,1.5,0.9,0.4,0.4,1,0.1,10,10,0.493231386788782
5096,2.0,1.5,0.9,0.6,0.1,1,0.1,10,10,0.4062411255767078
5097,2.0,1.5,0.9,0.6,0.2,1,0.1,10,10,0.4327377089592354
5098,2.0,1.5,0.9,0.6,0.3,1,0.1,10,10,0.4612547511948554
5099,2.0,1.5,0.9,0.6,0.4,1,0.1,10,10,0.4919802774261634
5100,2.0,1.5,0.9,0.8,0.1,1,0.1,10,10,0.4050783377958744
5101,2.0,1.5,0.9,0.8,0.2,1,0.1,10,10,0.4315095830780456
5102,2.0,1.5,0.9,0.8,0.3,1,0.1,10,10,0.4599486661636125
5103,2.0,1.5,0.9,0.8,0.4,1,0.1,10,10,0.490580648385365
5104,2.0,1.5,1.0,0.2,0.1,1,0.1,10,10,0.3507116144966269
5105,2.0,1.5,1.0,0.2,0.2,1,0.1,10,10,0.3733494747925437
5106,2.0,1.5,1.0,0.2,0.3,1,0.1,10,10,0.3977170626452593
5107,2.0,1.5,1.0,0.2,0.4,1,0.1,10,10,0.423977472770233
5108,2.0,1.5,1.0,0.4,0.1,1,0.1,10,10,0.349749364759506
5109,2.0,1.5,1.0,0.4,0.2,1,0.1,10,10,0.3723859746211274
5110,2.0,1.5,1.0,0.4,0.3,1,0.1,10,10,0.3967450646240611
5111,2.0,1.5,1.0,0.4,0.4,1,0.1,10,10,0.4229874512811957
5112,2.0,1.5,1.0,0.6,0.1,1,0.1,10,10,0.3487078991176235
5113,2.0,1.5,1.0,0.6,0.2,1,0.1,10,10,0.3713077989667446
5114,2.0,1.5,1.0,0.6,0.3,1,0.1,10,10,0.3956209899474008
5115,2.0,1.5,1.0,0.6,0.4,1,0.1,10,10,0.4218059684301945
5116,2.0,1.5,1.0,0.8,0.1,1,0.1,10,10,0.3476132518657885
5117,2.0,1.5,1.0,0.8,0.2,1,0.1,10,10,0.3701415216725885
5118,2.0,1.5,1.0,0.8,0.3,1,0.1,10,10,0.3943726413134558
5119,2.0,1.5,1.0,0.8,0.4,1,0.1,10,10,0.4204628591294858
5120,2.0,2.0,0.1,0.2,0.1,1,0.1,10,10,1.0375840445493991
5121,2.0,2.0,0.1,0.2,0.2,1,0.1,10,10,1.1031655624881114
5122,2.0,2.0,0.1,0.2,0.3,1,0.1,10,10,1.1735601445147703
5123,2.0,2.0,0.1,0.2,0.4,1,0.1,10,10,1.249211711366398
5124,2.0,2.0,0.1,0.4,0.1,1,0.1,10,10,1.0372320827943116
5125,2.0,2.0,0.1,0.4,0.2,1,0.1,10,10,1.1027763737803364
5126,2.0,2.0,0.1,0.4,0.3,1,0.1,10,10,1.1731186750486946
5127,2.0,2.0,0.1,0.4,0.4,1,0.1,10,10,1.2486989530729602
5128,2.0,2.0,0.1,0.6,0.1,1,0.1,10,10,1.0368781031842451
5129,2.0,2.0,0.1,0.6,0.2,1,0.1,10,10,1.1023851606656765
5130,2.0,2.0,0.1,0.6,0.3,1,0.1,10,10,1.1726752594488818
5131,2.0,2.0,0.1,0.6,0.4,1,0.1,10,10,1.2481844479107502
5132,2.0,2.0,0.1,0.8,0.1,1,0.1,10,10,1.0365221642592937
5133,2.0,2.0,0.1,0.8,0.2,1,0.1,10,10,1.1019919919682049
5134,2.0,2.0,0.1,0.8,0.3,1,0.1,10,10,1.1722299816943282
5135,2.0,2.0,0.1,0.8,0.4,1,0.1,10,10,1.247668301040124
5136,2.0,2.0,0.2,0.2,0.1,1,0.1,10,10,0.9486865721599076
5137,2.0,2.0,0.2,0.2,0.2,1,0.1,10,10,1.009259678276927
5138,2.0,2.0,0.2,0.2,0.3,1,0.1,10,10,1.074335528658099
5139,2.0,2.0,0.2,0.2,0.4,1,0.1,10,10,1.144331767368667
5140,2.0,2.0,0.2,0.4,0.1,1,0.1,10,10,0.9480565053101576
5141,2.0,2.0,0.2,0.4,0.2,1,0.1,10,10,1.0085749332193337
5142,2.0,2.0,0.2,0.4,0.3,1,0.1,10,10,1.0735722406800279
5143,2.0,2.0,0.2,0.4,0.4,1,0.1,10,10,1.143459641833445
5144,2.0,2.0,0.2,0.6,0.1,1,0.1,10,10,0.9474188600963984
5145,2.0,2.0,0.2,0.6,0.2,1,0.1,10,10,1.007882192536471
5146,2.0,2.0,0.2,0.6,0.3,1,0.1,10,10,1.0728007909568589
5147,2.0,2.0,0.2,0.6,0.4,1,0.1,10,10,1.14257955580412
5148,2.0,2.0,0.2,0.8,0.1,1,0.1,10,10,0.9467740775763696
5149,2.0,2.0,0.2,0.8,0.2,1,0.1,10,10,1.0071819520174716
5150,2.0,2.0,0.2,0.8,0.3,1,0.1,10,10,1.0720217619115904
5151,2.0,2.0,0.2,0.8,0.4,1,0.1,10,10,1.1416922179068838
5152,2.0,2.0,0.3,0.2,0.1,1,0.1,10,10,0.861271774867257
5153,2.0,2.0,0.3,0.2,0.2,1,0.1,10,10,0.9167417949344135
5154,2.0,2.0,0.3,0.2,0.3,1,0.1,10,10,0.9763845721885104
5155,2.0,2.0,0.3,0.2,0.4,1,0.1,10,10,1.0405899427827825
5156,2.0,2.0,0.3,0.4,0.1,1,0.1,10,10,0.8604326912062896
5157,2.0,2.0,0.3,0.4,0.2,1,0.1,10,10,0.915844872841236
5158,2.0,2.0,0.3,0.4,0.3,1,0.1,10,10,0.9754021420501516
5159,2.0,2.0,0.3,0.4,0.4,1,0.1,10,10,1.0394866909906588
5160,2.0,2.0,0.3,0.6,0.1,1,0.1,10,10,0.8595777024967242
5161,2.0,2.0,0.3,0.6,0.2,1,0.1,10,10,0.914930303795104
5162,2.0,2.0,0.3,0.6,0.3,1,0.1,10,10,0.9744007003328018
5163,2.0,2.0,0.3,0.6,0.4,1,0.1,10,10,1.0383636420192661
5164,2.0,2.0,0.3,0.8,0.1,1,0.1,10,10,0.8587082000400962
5165,2.0,2.0,0.3,0.8,0.2,1,0.1,10,10,0.9139995889697736
5166,2.0,2.0,0.3,0.8,0.3,1,0.1,10,10,0.9733819447110628
5167,2.0,2.0,0.3,0.8,0.4,1,0.1,10,10,1.0372227975940234
5168,2.0,2.0,0.4,0.2,0.1,1,0.1,10,10,0.7761314978137166
5169,2.0,2.0,0.4,0.2,0.2,1,0.1,10,10,0.8264648521452882
5170,2.0,2.0,0.4,0.2,0.3,1,0.1,10,10,0.8806240955900742
5171,2.0,2.0,0.4,0.2,0.4,1,0.1,10,10,0.9389694396320786
5172,2.0,2.0,0.4,0.4,0.1,1,0.1,10,10,0.7751464237658938
5173,2.0,2.0,0.4,0.4,0.2,1,0.1,10,10,0.8254279663442404
5174,2.0,2.0,0.4,0.4,0.3,1,0.1,10,10,0.8795076273288938
5175,2.0,2.0,0.4,0.4,0.4,1,0.1,10,10,0.937737758602142
5176,2.0,2.0,0.4,0.6,0.1,1,0.1,10,10,0.7741351921358508
5177,2.0,2.0,0.4,0.6,0.2,1,0.1,10,10,0.8243606125863034
5178,2.0,2.0,0.4,0.6,0.3,1,0.1,10,10,0.8783567529899716
5179,2.0,2.0,0.4,0.6,0.4,1,0.1,10,10,0.9364683686836788
5180,2.0,2.0,0.4,0.8,0.1,1,0.1,10,10,0.7731008629194511
5181,2.0,2.0,0.4,0.8,0.2,1,0.1,10,10,0.8232659795941775
5182,2.0,2.0,0.4,0.8,0.3,1,0.1,10,10,0.8771749531978621
5183,2.0,2.0,0.4,0.8,0.4,1,0.1,10,10,0.9351652447116016
5184,2.0,2.0,0.5,0.2,0.1,1,0.1,10,10,0.6940574790253087
5185,2.0,2.0,0.5,0.2,0.2,1,0.1,10,10,0.7392904448406308
5186,2.0,2.0,0.5,0.2,0.3,1,0.1,10,10,0.7879902846721871
5187,2.0,2.0,0.5,0.2,0.4,1,0.1,10,10,0.8404857583367874
5188,2.0,2.0,0.5,0.4,0.1,1,0.1,10,10,0.6929823441274902
5189,2.0,2.0,0.5,0.4,0.2,1,0.1,10,10,0.7381743124427994
5190,2.0,2.0,0.5,0.4,0.3,1,0.1,10,10,0.7868077301518995
5191,2.0,2.0,0.5,0.4,0.4,1,0.1,10,10,0.8392039946757188
5192,2.0,2.0,0.5,0.6,0.1,1,0.1,10,10,0.6918697743778435
5193,2.0,2.0,0.5,0.6,0.2,1,0.1,10,10,0.7370125387870893
5194,2.0,2.0,0.5,0.6,0.3,1,0.1,10,10,0.7855715193710234
5195,2.0,2.0,0.5,0.6,0.4,1,0.1,10,10,0.8378610337932705
5196,2.0,2.0,0.5,0.8,0.1,1,0.1,10,10,0.6907252754191777
5197,2.0,2.0,0.5,0.8,0.2,1,0.1,10,10,0.7358107105102628
5198,2.0,2.0,0.5,0.8,0.3,1,0.1,10,10,0.7842875718394295
5199,2.0,2.0,0.5,0.8,0.4,1,0.1,10,10,0.8364634390099509
5200,2.0,2.0,0.6,0.2,0.1,1,0.1,10,10,0.6158016805772681
5201,2.0,2.0,0.6,0.2,0.2,1,0.1,10,10,0.6560449777054667
5202,2.0,2.0,0.6,0.2,0.3,1,0.1,10,10,0.6993904182797366
5203,2.0,2.0,0.6,0.2,0.4,1,0.1,10,10,0.7461337976008778
5204,2.0,2.0,0.6,0.4,0.1,1,0.1,10,10,0.6146846113796455
5205,2.0,2.0,0.6,0.4,0.2,1,0.1,10,10,0.6548990528241965
5206,2.0,2.0,0.6,0.4,0.3,1,0.1,10,10,0.6981938996175175
5207,2.0,2.0,0.6,0.4,0.4,1,0.1,10,10,0.7448585163824994
5208,2.0,2.0,0.6,0.6,0.1,1,0.1,10,10,0.6135187346565615
5209,2.0,2.0,0.6,0.6,0.2,1,0.1,10,10,0.6536910694053565
5210,2.0,2.0,0.6,0.6,0.3,1,0.1,10,10,0.6969219131858506
5211,2.0,2.0,0.6,0.6,0.4,1,0.1,10,10,0.7434944566102828
5212,2.0,2.0,0.6,0.8,0.1,1,0.1,10,10,0.6123127502367883
5213,2.0,2.0,0.6,0.8,0.2,1,0.1,10,10,0.6524297061639316
5214,2.0,2.0,0.6,0.8,0.3,1,0.1,10,10,0.6955834613812973
5215,2.0,2.0,0.6,0.8,0.4,1,0.1,10,10,0.7420513667806173
5216,2.0,2.0,0.7,0.2,0.1,1,0.1,10,10,0.5420364996610868
5217,2.0,2.0,0.7,0.2,0.2,1,0.1,10,10,0.5774748011078106
5218,2.0,2.0,0.7,0.2,0.3,1,0.1,10,10,0.6156523911166217
5219,2.0,2.0,0.7,0.2,0.4,1,0.1,10,10,0.6568312138815744
5220,2.0,2.0,0.7,0.4,0.1,1,0.1,10,10,0.5409174803361976
5221,2.0,2.0,0.7,0.4,0.2,1,0.1,10,10,0.5763379836882552
5222,2.0,2.0,0.7,0.4,0.3,1,0.1,10,10,0.6144801845518361
5223,2.0,2.0,0.7,0.4,0.4,1,0.1,10,10,0.6556007207332372
5224,2.0,2.0,0.7,0.6,0.1,1,0.1,10,10,0.5397390836449587
5225,2.0,2.0,0.7,0.6,0.2,1,0.1,10,10,0.5751227490129092
5226,2.0,2.0,0.7,0.6,0.3,1,0.1,10,10,0.6132098959800427
5227,2.0,2.0,0.7,0.6,0.4,1,0.1,10,10,0.6542520496993729
5228,2.0,2.0,0.7,0.8,0.1,1,0.1,10,10,0.5385138442437071
5229,2.0,2.0,0.7,0.8,0.2,1,0.1,10,10,0.5738415132758056
5230,2.0,2.0,0.7,0.8,0.3,1,0.1,10,10,0.6118542606966137
5231,2.0,2.0,0.7,0.8,0.4,1,0.1,10,10,0.6527987856263113
5232,2.0,2.0,0.8,0.2,0.1,1,0.1,10,10,0.4733191462446762
5233,2.0,2.0,0.8,0.2,0.2,1,0.1,10,10,0.5042052892145901
5234,2.0,2.0,0.8,0.2,0.3,1,0.1,10,10,0.5374777445913327
5235,2.0,2.0,0.8,0.2,0.4,1,0.1,10,10,0.5733645785367928
5236,2.0,2.0,0.8,0.4,0.1,1,0.1,10,10,0.4722300479398068
5237,2.0,2.0,0.8,0.4,0.2,1,0.1,10,10,0.5031069724750538
5238,2.0,2.0,0.8,0.4,0.3,1,0.1,10,10,0.5363566552539227
5239,2.0,2.0,0.8,0.4,0.4,1,0.1,10,10,0.5722029005274878
5240,2.0,2.0,0.8,0.6,0.1,1,0.1,10,10,0.4710725983555376
5241,2.0,2.0,0.8,0.6,0.2,1,0.1,10,10,0.5019153293551919
5242,2.0,2.0,0.8,0.6,0.3,1,0.1,10,10,0.5351160195369872
5243,2.0,2.0,0.8,0.6,0.4,1,0.1,10,10,0.5708944901051934
5244,2.0,2.0,0.8,0.8,0.1,1,0.1,10,10,0.4698636780427845
5245,2.0,2.0,0.8,0.8,0.2,1,0.1,10,10,0.500647000643639
5246,2.0,2.0,0.8,0.8,0.3,1,0.1,10,10,0.533772942733
5247,2.0,2.0,0.8,0.8,0.4,1,0.1,10,10,0.5694575136638386
5248,2.0,2.0,0.9,0.2,0.1,1,0.1,10,10,0.4100645553591895
5249,2.0,2.0,0.9,0.2,0.2,1,0.1,10,10,0.4367090360056529
5250,2.0,2.0,0.9,0.2,0.3,1,0.1,10,10,0.4654042371474437
5251,2.0,2.0,0.9,0.2,0.4,1,0.1,10,10,0.4963453720779159
5252,2.0,2.0,0.9,0.4,0.1,1,0.1,10,10,0.40902958137825657
5253,2.0,2.0,0.9,0.4,0.2,1,0.1,10,10,0.4356703547831715
5254,2.0,2.0,0.9,0.4,0.3,1,0.1,10,10,0.46435180158416894
5255,2.0,2.0,0.9,0.4,0.4,1,0.1,10,10,0.4952658992223351
5256,2.0,2.0,0.9,0.6,0.1,1,0.1,10,10,0.4079194073101597
5257,2.0,2.0,0.9,0.6,0.2,1,0.1,10,10,0.4345259345694517
5258,2.0,2.0,0.9,0.6,0.3,1,0.1,10,10,0.4631614173146899
5259,2.0,2.0,0.9,0.6,0.4,1,0.1,10,10,0.4940147065025548
5260,2.0,2.0,0.9,0.8,0.1,1,0.1,10,10,0.4067554733800711
5261,2.0,2.0,0.9,0.8,0.2,1,0.1,10,10,0.4332971948867851
5262,2.0,2.0,0.9,0.8,0.3,1,0.1,10,10,0.4618551782089216
5263,2.0,2.0,0.9,0.8,0.4,1,0.1,10,10,0.4926152862420588
5264,2.0,2.0,1.0,0.2,0.1,1,0.1,10,10,0.3525290178687953
5265,2.0,2.0,1.0,0.2,0.2,1,0.1,10,10,0.3752855590486984
5266,2.0,2.0,1.0,0.2,0.3,1,0.1,10,10,0.3997813004048678
5267,2.0,2.0,1.0,0.2,0.4,1,0.1,10,10,0.4261803072455991
5268,2.0,2.0,1.0,0.4,0.1,1,0.1,10,10,0.35156502124689376
5269,2.0,2.0,1.0,0.4,0.2,1,0.1,10,10,0.3743206707991176
5270,2.0,2.0,1.0,0.4,0.3,1,0.1,10,10,0.3988081947669073
5271,2.0,2.0,1.0,0.4,0.4,1,0.1,10,10,0.4251893543523459
5272,2.0,2.0,1.0,0.6,0.1,1,0.1,10,10,0.3505217302122137
5273,2.0,2.0,1.0,0.6,0.2,1,0.1,10,10,0.3732411825962952
5274,2.0,2.0,1.0,0.6,0.3,1,0.1,10,10,0.3976832494700818
5275,2.0,2.0,1.0,0.6,0.4,1,0.1,10,10,0.4240073475308893
5276,2.0,2.0,1.0,0.8,0.1,1,0.1,10,10,0.3494249855833189
5277,2.0,2.0,1.0,0.8,0.2,1,0.1,10,10,0.37207342794795534
5278,2.0,2.0,1.0,0.8,0.3,1,0.1,10,10,0.3964339773799863
5279,2.0,2.0,1.0,0.8,0.4,1,0.1,10,10,0.4226637796372552
5280,2.0,2.5,0.1,0.2,0.1,1,0.1,10,10,1.0375612185976033
5281,2.0,2.5,0.1,0.2,0.2,1,0.1,10,10,1.1031400831252944
5282,2.0,2.5,0.1,0.2,0.3,1,0.1,10,10,1.173531677532487
5283,2.0,2.5,0.1,0.2,0.4,1,0.1,10,10,1.249179876308135
5284,2.0,2.5,0.1,0.4,0.1,1,0.1,10,10,1.0372094519644026
5285,2.0,2.5,0.1,0.4,0.2,1,0.1,10,10,1.1027511345035166
5286,2.0,2.5,0.1,0.4,0.3,1,0.1,10,10,1.173090531871002
5287,2.0,2.5,0.1,0.4,0.4,1,0.1,10,10,1.2486675756828105
5288,2.0,2.5,0.1,0.6,0.1,1,0.1,10,10,1.0368556750428728
5289,2.0,2.5,0.1,0.6,0.2,1,0.1,10,10,1.1023601698676941
5290,2.0,2.5,0.1,0.6,0.3,1,0.1,10,10,1.1726474495654529
5291,2.0,2.5,0.1,0.6,0.4,1,0.1,10,10,1.248153539067826
5292,2.0,2.5,0.1,0.8,0.1,1,0.1,10,10,1.036499946258847
5293,2.0,2.5,0.1,0.8,0.2,1,0.1,10,10,1.1019672578957354
5294,2.0,2.5,0.1,0.8,0.3,1,0.1,10,10,1.1722025143961146
5295,2.0,2.5,0.1,0.8,0.4,1,0.1,10,10,1.247637871344932
5296,2.0,2.5,0.2,0.2,0.1,1,0.1,10,10,0.9487527596127032
5297,2.0,2.5,0.2,0.2,0.2,1,0.1,10,10,1.0093274804719656
5298,2.0,2.5,0.2,0.2,0.3,1,0.1,10,10,1.0744047847530367
5299,2.0,2.5,0.2,0.2,0.4,1,0.1,10,10,1.1444022725326728
5300,2.0,2.5,0.2,0.4,0.1,1,0.1,10,10,0.948123276467031
5301,2.0,2.5,0.2,0.4,0.2,1,0.1,10,10,1.0086433665827932
5302,2.0,2.5,0.2,0.4,0.3,1,0.1,10,10,1.0736422310079372
5303,2.0,2.5,0.2,0.4,0.4,1,0.1,10,10,1.1435310577451483
5304,2.0,2.5,0.2,0.6,0.1,1,0.1,10,10,0.9474862445551302
5305,2.0,2.5,0.2,0.6,0.2,1,0.1,10,10,1.0079512904750183
5306,2.0,2.5,0.2,0.6,0.3,1,0.1,10,10,1.072871553201814
5307,2.0,2.5,0.2,0.6,0.4,1,0.1,10,10,1.1426519248293392
5308,2.0,2.5,0.2,0.8,0.1,1,0.1,10,10,0.9468421032951262
5309,2.0,2.5,0.2,0.8,0.2,1,0.1,10,10,1.0072517461111954
5310,2.0,2.5,0.2,0.8,0.3,1,0.1,10,10,1.0720933315863643
5311,2.0,2.5,0.2,0.8,0.4,1,0.1,10,10,1.141765579690203
5312,2.0,2.5,0.3,0.2,0.1,1,0.1,10,10,0.8615219412601485
5313,2.0,2.5,0.3,0.2,0.2,1,0.1,10,10,0.9170042475904072
5314,2.0,2.5,0.3,0.2,0.3,1,0.1,10,10,0.9766598423449177
5315,2.0,2.5,0.3,0.2,0.4,1,0.1,10,10,1.0408785717384368
5316,2.0,2.5,0.3,0.4,0.1,1,0.1,10,10,0.8606838216063637
5317,2.0,2.5,0.3,0.4,0.2,1,0.1,10,10,0.9161082992798796
5318,2.0,2.5,0.3,0.4,0.3,1,0.1,10,10,0.9756784424857288
5319,2.0,2.5,0.3,0.4,0.4,1,0.1,10,10,1.0397764707819641
5320,2.0,2.5,0.3,0.6,0.1,1,0.1,10,10,0.8598298601580634
5321,2.0,2.5,0.3,0.6,0.2,1,0.1,10,10,0.9151947798789102
5322,2.0,2.5,0.3,0.6,0.3,1,0.1,10,10,0.974678120104
5323,2.0,2.5,0.3,0.6,0.4,1,0.1,10,10,1.0386546752350412
5324,2.0,2.5,0.3,0.8,0.1,1,0.1,10,10,0.8589614408658014
5325,2.0,2.5,0.3,0.8,0.2,1,0.1,10,10,0.9142651828907924
5326,2.0,2.5,0.3,0.8,0.3,1,0.1,10,10,0.9736605644260152
5327,2.0,2.5,0.3,0.8,0.4,1,0.1,10,10,1.0375151770093975
5328,2.0,2.5,0.4,0.2,0.1,1,0.1,10,10,0.7766383134825946
5329,2.0,2.5,0.4,0.2,0.2,1,0.1,10,10,0.8269999744276423
5330,2.0,2.5,0.4,0.2,0.3,1,0.1,10,10,0.8811892298304533
5331,2.0,2.5,0.4,0.2,0.4,1,0.1,10,10,0.9395664077285912
5332,2.0,2.5,0.4,0.4,0.1,1,0.1,10,10,0.7756544300807835
5333,2.0,2.5,0.4,0.4,0.2,1,0.1,10,10,0.8259642353269427
5334,2.0,2.5,0.4,0.4,0.3,1,0.1,10,10,0.8800738813963046
5335,2.0,2.5,0.4,0.4,0.4,1,0.1,10,10,0.9383358470234444
5336,2.0,2.5,0.4,0.6,0.1,1,0.1,10,10,0.7746444918986793
5337,2.0,2.5,0.4,0.6,0.2,1,0.1,10,10,0.8248981629729331
5338,2.0,2.5,0.4,0.6,0.3,1,0.1,10,10,0.8789242947765689
5339,2.0,2.5,0.4,0.6,0.4,1,0.1,10,10,0.9370677794684272
5340,2.0,2.5,0.4,0.8,0.1,1,0.1,10,10,0.7736115386407408
5341,2.0,2.5,0.4,0.8,0.2,1,0.1,10,10,0.8238049256107518
5342,2.0,2.5,0.4,0.8,0.3,1,0.1,10,10,0.8777439290592093
5343,2.0,2.5,0.4,0.8,0.4,1,0.1,10,10,0.9357661562059636
5344,2.0,2.5,0.5,0.2,0.1,1,0.1,10,10,0.6948674967323476
5345,2.0,2.5,0.5,0.2,0.2,1,0.1,10,10,0.7401485989054235
5346,2.0,2.5,0.5,0.2,0.3,1,0.1,10,10,0.7888998430711968
5347,2.0,2.5,0.5,0.2,0.4,1,0.1,10,10,0.8414502595449369
5348,2.0,2.5,0.5,0.4,0.1,1,0.1,10,10,0.6937935406087127
5349,2.0,2.5,0.5,0.4,0.2,1,0.1,10,10,0.7390335638562429
5350,2.0,2.5,0.5,0.4,0.3,1,0.1,10,10,0.7877182813995026
5351,2.0,2.5,0.5,0.4,0.4,1,0.1,10,10,0.840169360233432
5352,2.0,2.5,0.5,0.6,0.1,1,0.1,10,10,0.6926822890388941
5353,2.0,2.5,0.5,0.6,0.2,1,0.1,10,10,0.7378730908203368
5354,2.0,2.5,0.5,0.6,0.3,1,0.1,10,10,0.7864833337527112
5355,2.0,2.5,0.5,0.6,0.4,1,0.1,10,10,0.8388276040357906
5356,2.0,2.5,0.5,0.8,0.1,1,0.1,10,10,0.6915392050164251
5357,2.0,2.5,0.5,0.8,0.2,1,0.1,10,10,0.7366727237603784
5358,2.0,2.5,0.5,0.8,0.3,1,0.1,10,10,0.7852008756180112
5359,2.0,2.5,0.5,0.8,0.4,1,0.1,10,10,0.8374315072873887
5360,2.0,2.5,0.6,0.2,0.1,1,0.1,10,10,0.6169336841695661
5361,2.0,2.5,0.6,0.2,0.2,1,0.1,10,10,0.6572468740869345
5362,2.0,2.5,0.6,0.2,0.3,1,0.1,10,10,0.7006672793313521
5363,2.0,2.5,0.6,0.2,0.4,1,0.1,10,10,0.7474911545522415
5364,2.0,2.5,0.6,0.4,0.1,1,0.1,10,10,0.6158175160867302
5365,2.0,2.5,0.6,0.4,0.2,1,0.1,10,10,0.6561017747955812
5366,2.0,2.5,0.6,0.4,0.3,1,0.1,10,10,0.6994714485463238
5367,2.0,2.5,0.6,0.4,0.4,1,0.1,10,10,0.7462163481915245
5368,2.0,2.5,0.6,0.6,0.1,1,0.1,10,10,0.6146527023686887
5369,2.0,2.5,0.6,0.6,0.2,1,0.1,10,10,0.6548948846279281
5370,2.0,2.5,0.6,0.6,0.3,1,0.1,10,10,0.6982005295368799
5371,2.0,2.5,0.6,0.6,0.4,1,0.1,10,10,0.7448532612602288
5372,2.0,2.5,0.6,0.8,0.1,1,0.1,10,10,0.6134478680156105
5373,2.0,2.5,0.6,0.8,0.2,1,0.1,10,10,0.653634806440651
5374,2.0,2.5,0.6,0.8,0.3,1,0.1,10,10,0.6968634460314245
5375,2.0,2.5,0.6,0.8,0.4,1,0.1,10,10,0.7434115586946268
5376,2.0,2.5,0.7,0.2,0.1,1,0.1,10,10,0.5434823232785831
5377,2.0,2.5,0.7,0.2,0.2,1,0.1,10,10,0.5790121866268219
5378,2.0,2.5,0.7,0.2,0.3,1,0.1,10,10,0.6172882718467967
5379,2.0,2.5,0.7,0.2,0.4,1,0.1,10,10,0.6585731865080321
5380,2.0,2.5,0.7,0.4,0.1,1,0.1,10,10,0.5423636827514271
5381,2.0,2.5,0.7,0.4,0.2,1,0.1,10,10,0.5778757347792208
5382,2.0,2.5,0.7,0.4,0.3,1,0.1,10,10,0.6161163264757717
5383,2.0,2.5,0.7,0.4,0.4,1,0.1,10,10,0.6573427356965361
5384,2.0,2.5,0.7,0.6,0.1,1,0.1,10,10,0.5411858234610751
5385,2.0,2.5,0.7,0.6,0.2,1,0.1,10,10,0.5766611740364865
5386,2.0,2.5,0.7,0.6,0.3,1,0.1,10,10,0.6148467665600468
5387,2.0,2.5,0.7,0.6,0.4,1,0.1,10,10,0.6559947440857141
5388,2.0,2.5,0.7,0.8,0.1,1,0.1,10,10,0.5399611651360698
5389,2.0,2.5,0.7,0.8,0.2,1,0.1,10,10,0.5753808003923957
5390,2.0,2.5,0.7,0.8,0.3,1,0.1,10,10,0.6134921996614461
5391,2.0,2.5,0.7,0.8,0.4,1,0.1,10,10,0.6545426587317107
5392,2.0,2.5,0.8,0.2,0.1,1,0.1,10,10,0.4750469367490888
5393,2.0,2.5,0.8,0.2,0.2,1,0.1,10,10,0.5060443190986578
5394,2.0,2.5,0.8,0.2,0.3,1,0.1,10,10,0.539436672965117
5395,2.0,2.5,0.8,0.2,0.4,1,0.1,10,10,0.5754529238284326
5396,2.0,2.5,0.8,0.4,0.1,1,0.1,10,10,0.4739575060876034
5397,2.0,2.5,0.8,0.4,0.2,1,0.1,10,10,0.5049457736167651
5398,2.0,2.5,0.8,0.4,0.3,1,0.1,10,10,0.5383153067212062
5399,2.0,2.5,0.8,0.4,0.4,1,0.1,10,10,0.574290826882813
5400,2.0,2.5,0.8,0.6,0.1,1,0.1,10,10,0.4727998436297942
5401,2.0,2.5,0.8,0.6,0.2,1,0.1,10,10,0.5037541557788113
5402,2.0,2.5,0.8,0.6,0.3,1,0.1,10,10,0.5370749095853458
5403,2.0,2.5,0.8,0.6,0.4,1,0.1,10,10,0.5729827350912239
5404,2.0,2.5,0.8,0.8,0.1,1,0.1,10,10,0.4715906231271626
5405,2.0,2.5,0.8,0.8,0.2,1,0.1,10,10,0.5024860030496358
5406,2.0,2.5,0.8,0.8,0.3,1,0.1,10,10,0.5357324079296646
5407,2.0,2.5,0.8,0.8,0.4,1,0.1,10,10,0.5715465928385631
5408,2.0,2.5,0.9,0.2,0.1,1,0.1,10,10,0.4120237600360727
5409,2.0,2.5,0.9,0.2,0.2,1,0.1,10,10,0.4387955396433485
5410,2.0,2.5,0.9,0.2,0.3,1,0.1,10,10,0.4676282044341761
5411,2.0,2.5,0.9,0.2,0.4,1,0.1,10,10,0.4987179065981074
5412,2.0,2.5,0.9,0.4,0.1,1,0.1,10,10,0.4109875495090684
5413,2.0,2.5,0.9,0.4,0.2,1,0.1,10,10,0.4377559525906323
5414,2.0,2.5,0.9,0.4,0.3,1,0.1,10,10,0.4665750070912675
5415,2.0,2.5,0.9,0.4,0.4,1,0.1,10,10,0.4976376795083631
5416,2.0,2.5,0.9,0.6,0.1,1,0.1,10,10,0.40987626320774384
5417,2.0,2.5,0.9,0.6,0.2,1,0.1,10,10,0.4366108683965143
5418,2.0,2.5,0.9,0.6,0.3,1,0.1,10,10,0.4653843142932027
5419,2.0,2.5,0.9,0.6,0.4,1,0.1,10,10,0.4963864109529654
5420,2.0,2.5,0.9,0.8,0.1,1,0.1,10,10,0.4087110601983012
5421,2.0,2.5,0.9,0.8,0.2,1,0.1,10,10,0.4353814763706224
5422,2.0,2.5,0.9,0.8,0.3,1,0.1,10,10,0.464077955360169
5423,2.0,2.5,0.9,0.8,0.4,1,0.1,10,10,0.4949872911027087
5424,2.0,2.5,1.0,0.2,0.1,1,0.1,10,10,0.3546568768947203
5425,2.0,2.5,1.0,0.2,0.2,1,0.1,10,10,0.3775523238740221
5426,2.0,2.5,1.0,0.2,0.3,1,0.1,10,10,0.40219805136291203
5427,2.0,2.5,1.0,0.2,0.4,1,0.1,10,10,0.4287592593794943
5428,2.0,2.5,1.0,0.4,0.1,1,0.1,10,10,0.3536908726911289
5429,2.0,2.5,1.0,0.4,0.2,1,0.1,10,10,0.37658583310167854
5430,2.0,2.5,1.0,0.4,0.3,1,0.1,10,10,0.40122365520329534
5431,2.0,2.5,1.0,0.4,0.4,1,0.1,10,10,0.4277672045376585
5432,2.0,2.5,1.0,0.6,0.1,1,0.1,10,10,0.3526455002854625
5433,2.0,2.5,1.0,0.6,0.2,1,0.1,10,10,0.3755048560519142
5434,2.0,2.5,1.0,0.6,0.3,1,0.1,10,10,0.4000977296004434
5435,2.0,2.5,1.0,0.6,0.4,1,0.1,10,10,0.42658461336384795
5436,2.0,2.5,1.0,0.8,0.1,1,0.1,10,10,0.35154637074553524
5437,2.0,2.5,1.0,0.8,0.2,1,0.1,10,10,0.3743354430030727
5438,2.0,2.5,1.0,0.8,0.3,1,0.1,10,10,0.3988474355194393
5439,2.0,2.5,1.0,0.8,0.4,1,0.1,10,10,0.42524056094341983
5440,2.0,3.0,0.1,0.2,0.1,1,0.1,10,10,1.0375305765663614
5441,2.0,3.0,0.1,0.2,0.2,1,0.1,10,10,1.103106123560491
5442,2.0,3.0,0.1,0.2,0.3,1,0.1,10,10,1.1734939960685844
5443,2.0,3.0,0.1,0.2,0.4,1,0.1,10,10,1.2491380132612502
5444,2.0,3.0,0.1,0.4,0.1,1,0.1,10,10,1.037179023700155
5445,2.0,3.0,0.1,0.4,0.2,1,0.1,10,10,1.102717440213579
5446,2.0,3.0,0.1,0.4,0.3,1,0.1,10,10,1.1730532121373776
5447,2.0,3.0,0.1,0.4,0.4,1,0.1,10,10,1.2486262289641237
5448,2.0,3.0,0.1,0.6,0.1,1,0.1,10,10,1.0368254692683505
5449,2.0,3.0,0.1,0.6,0.2,1,0.1,10,10,1.1023267505424021
5450,2.0,3.0,0.1,0.6,0.3,1,0.1,10,10,1.1726105025447822
5451,2.0,3.0,0.1,0.6,0.4,1,0.1,10,10,1.24811272130794
5452,2.0,3.0,0.1,0.8,0.1,1,0.1,10,10,1.0364699715725876
5453,2.0,3.0,0.1,0.8,0.2,1,0.1,10,10,1.1019341230646391
5454,2.0,3.0,0.1,0.8,0.3,1,0.1,10,10,1.1721659508512179
5455,2.0,3.0,0.1,0.8,0.4,1,0.1,10,10,1.247597594863736
5456,2.0,3.0,0.2,0.2,0.1,1,0.1,10,10,0.9488136807655934
5457,2.0,3.0,0.2,0.2,0.2,1,0.1,10,10,1.0093893397843463
5458,2.0,3.0,0.2,0.2,0.3,1,0.1,10,10,1.0744673294068767
5459,2.0,3.0,0.2,0.2,0.4,1,0.1,10,10,1.1444651921932096
5460,2.0,3.0,0.2,0.4,0.1,1,0.1,10,10,0.9481848361994688
5461,2.0,3.0,0.2,0.4,0.2,1,0.1,10,10,1.0087059185455258
5462,2.0,3.0,0.2,0.4,0.3,1,0.1,10,10,1.0737055875367374
5463,2.0,3.0,0.2,0.4,0.4,1,0.1,10,10,1.1435949944929642
5464,2.0,3.0,0.2,0.6,0.1,1,0.1,10,10,0.9475484768636508
5465,2.0,3.0,0.2,0.6,0.2,1,0.1,10,10,1.0080145734623531
5466,2.0,3.0,0.2,0.6,0.3,1,0.1,10,10,1.0729357649735949
5467,2.0,3.0,0.2,0.6,0.4,1,0.1,10,10,1.1427169275906677
5468,2.0,3.0,0.2,0.8,0.1,1,0.1,10,10,0.9469050403959364
5469,2.0,3.0,0.2,0.8,0.2,1,0.1,10,10,1.0073157965090769
5470,2.0,3.0,0.2,0.8,0.3,1,0.1,10,10,1.0721584395939776
5471,2.0,3.0,0.2,0.8,0.4,1,0.1,10,10,1.1418316943960318
5472,2.0,3.0,0.3,0.2,0.1,1,0.1,10,10,0.8617784259377947
5473,2.0,3.0,0.3,0.2,0.2,1,0.1,10,10,0.9172729443630766
5474,2.0,3.0,0.3,0.2,0.3,1,0.1,10,10,0.976941218856973
5475,2.0,3.0,0.3,0.2,0.4,1,0.1,10,10,1.04117309272967
5476,2.0,3.0,0.3,0.4,0.1,1,0.1,10,10,0.8609413622623024
5477,2.0,3.0,0.3,0.4,0.2,1,0.1,10,10,0.9163780628678336
5478,2.0,3.0,0.3,0.4,0.3,1,0.1,10,10,0.9759609532201372
5479,2.0,3.0,0.3,0.4,0.4,1,0.1,10,10,1.040072270670987
5480,2.0,3.0,0.3,0.6,0.1,1,0.1,10,10,0.8600885293364319
5481,2.0,3.0,0.3,0.6,0.2,1,0.1,10,10,0.9154656969995064
5482,2.0,3.0,0.3,0.6,0.3,1,0.1,10,10,0.974961866787476
5483,2.0,3.0,0.3,0.6,0.4,1,0.1,10,10,1.0389518713593466
5484,2.0,3.0,0.3,0.8,0.1,1,0.1,10,10,0.8592213031316741
5485,2.0,3.0,0.3,0.8,0.2,1,0.1,10,10,0.9145373319361392
5486,2.0,3.0,0.3,0.8,0.3,1,0.1,10,10,0.97394563959518
5487,2.0,3.0,0.3,0.8,0.4,1,0.1,10,10,1.037813875984706
5488,2.0,3.0,0.4,0.2,0.1,1,0.1,10,10,0.7771705020655731
5489,2.0,3.0,0.4,0.2,0.2,1,0.1,10,10,0.8275615448377414
5490,2.0,3.0,0.4,0.2,0.3,1,0.1,10,10,0.8817819013370858
5491,2.0,3.0,0.4,0.2,0.4,1,0.1,10,10,0.9401920090902596
5492,2.0,3.0,0.4,0.4,0.1,1,0.1,10,10,0.7761879273677283
5493,2.0,3.0,0.4,0.4,0.2,1,0.1,10,10,0.8265270630387891
5494,2.0,3.0,0.4,0.4,0.3,1,0.1,10,10,0.8806677834282487
5495,2.0,3.0,0.4,0.4,0.4,1,0.1,10,10,0.938962690018716
5496,2.0,3.0,0.4,0.6,0.1,1,0.1,10,10,0.7751794159019237
5497,2.0,3.0,0.4,0.6,0.2,1,0.1,10,10,0.8254624014402467
5498,2.0,3.0,0.4,0.6,0.3,1,0.1,10,10,0.8795196179159889
5499,2.0,3.0,0.4,0.6,0.4,1,0.1,10,10,0.9376960931852416
5500,2.0,3.0,0.4,0.8,0.1,1,0.1,10,10,0.7741479853368011
5501,2.0,3.0,0.4,0.8,0.2,1,0.1,10,10,0.8243707060867012
5502,2.0,3.0,0.4,0.8,0.3,1,0.1,10,10,0.8783408405346591
5503,2.0,3.0,0.4,0.8,0.4,1,0.1,10,10,0.9363961439783832
5504,2.0,3.0,0.5,0.2,0.1,1,0.1,10,10,0.6957276647792441
5505,2.0,3.0,0.5,0.2,0.2,1,0.1,10,10,0.7410595778863937
5506,2.0,3.0,0.5,0.2,0.3,1,0.1,10,10,0.7898650366698035
5507,2.0,3.0,0.5,0.2,0.4,1,0.1,10,10,0.8424733460735597
5508,2.0,3.0,0.5,0.4,0.1,1,0.1,10,10,0.6946550131791775
5509,2.0,3.0,0.5,0.4,0.2,1,0.1,10,10,0.7399457500889467
5510,2.0,3.0,0.5,0.4,0.3,1,0.1,10,10,0.7886845655745991
5511,2.0,3.0,0.5,0.4,0.4,1,0.1,10,10,0.8411934022996874
5512,2.0,3.0,0.5,0.6,0.1,1,0.1,10,10,0.6935452269005522
5513,2.0,3.0,0.5,0.6,0.2,1,0.1,10,10,0.7387867156395601
5514,2.0,3.0,0.5,0.6,0.3,1,0.1,10,10,0.7874510142094926
5515,2.0,3.0,0.5,0.6,0.4,1,0.1,10,10,0.8398529854522503
5516,2.0,3.0,0.5,0.8,0.1,1,0.1,10,10,0.6924037226288248
5517,2.0,3.0,0.5,0.8,0.2,1,0.1,10,10,0.7375879723065302
5518,2.0,3.0,0.5,0.8,0.3,1,0.1,10,10,0.7861702104814494
5519,2.0,3.0,0.5,0.8,0.4,1,0.1,10,10,0.8384585610609316
5520,2.0,3.0,0.6,0.2,0.1,1,0.1,10,10,0.6181444782903096
5521,2.0,3.0,0.6,0.2,0.2,1,0.1,10,10,0.6585321611621364
5522,2.0,3.0,0.6,0.2,0.3,1,0.1,10,10,0.7020324242878906
5523,2.0,3.0,0.6,0.2,0.4,1,0.1,10,10,0.7489420016972587
5524,2.0,3.0,0.6,0.4,0.1,1,0.1,10,10,0.6170293228591454
5525,2.0,3.0,0.6,0.4,0.2,1,0.1,10,10,0.6573879779900349
5526,2.0,3.0,0.6,0.4,0.3,1,0.1,10,10,0.7008373501288553
5527,2.0,3.0,0.6,0.4,0.4,1,0.1,10,10,0.7476677170465004
5528,2.0,3.0,0.6,0.6,0.1,1,0.1,10,10,0.6158657103890199
5529,2.0,3.0,0.6,0.6,0.2,1,0.1,10,10,0.6561823093129695
5530,2.0,3.0,0.6,0.6,0.3,1,0.1,10,10,0.699567617010405
5531,2.0,3.0,0.6,0.6,0.4,1,0.1,10,10,0.7463057126453139
5532,2.0,3.0,0.6,0.8,0.1,1,0.1,10,10,0.6146621845301341
5533,2.0,3.0,0.6,0.8,0.2,1,0.1,10,10,0.654923675868692
5534,2.0,3.0,0.6,0.8,0.3,1,0.1,10,10,0.6982320637557814
5535,2.0,3.0,0.6,0.8,0.4,1,0.1,10,10,0.7448655633601532
5536,2.0,3.0,0.7,0.2,0.1,1,0.1,10,10,0.5450375268408686
5537,2.0,3.0,0.7,0.2,0.2,1,0.1,10,10,0.5806656619070639
5538,2.0,3.0,0.7,0.2,0.3,1,0.1,10,10,0.619047425607167
5539,2.0,3.0,0.7,0.2,0.4,1,0.1,10,10,0.6604461282956842
5540,2.0,3.0,0.7,0.4,0.1,1,0.1,10,10,0.543919340308394
5541,2.0,3.0,0.7,0.4,0.2,1,0.1,10,10,0.5795296300334476
5542,2.0,3.0,0.7,0.4,0.3,1,0.1,10,10,0.6178757702354094
5543,2.0,3.0,0.7,0.4,0.4,1,0.1,10,10,0.6592157175511386
5544,2.0,3.0,0.7,0.6,0.1,1,0.1,10,10,0.5427421237178515
5545,2.0,3.0,0.7,0.6,0.2,1,0.1,10,10,0.5783158437098811
5546,2.0,3.0,0.7,0.6,0.3,1,0.1,10,10,0.6166070312485077
5547,2.0,3.0,0.7,0.6,0.4,1,0.1,10,10,0.6578684855103166
5548,2.0,3.0,0.7,0.8,0.1,1,0.1,10,10,0.5415181715588302
5549,2.0,3.0,0.7,0.8,0.2,1,0.1,10,10,0.577036468654047
5550,2.0,3.0,0.7,0.8,0.3,1,0.1,10,10,0.6152536783323589
5551,2.0,3.0,0.7,0.8,0.4,1,0.1,10,10,0.6564177308666111
5552,2.0,3.0,0.8,0.2,0.1,1,0.1,10,10,0.4769147006895191
5553,2.0,3.0,0.8,0.2,0.2,1,0.1,10,10,0.5080321795473351
5554,2.0,3.0,0.8,0.2,0.3,1,0.1,10,10,0.5415539516297844
5555,2.0,3.0,0.8,0.2,0.4,1,0.1,10,10,0.5777098613810017
5556,2.0,3.0,0.8,0.4,0.1,1,0.1,10,10,0.4758249570761858
5557,2.0,3.0,0.8,0.4,0.2,1,0.1,10,10,0.5069334081690373
5558,2.0,3.0,0.8,0.4,0.3,1,0.1,10,10,0.540432333493106
5559,2.0,3.0,0.8,0.4,0.4,1,0.1,10,10,0.5765473419634694
5560,2.0,3.0,0.8,0.6,0.1,1,0.1,10,10,0.4746671321108297
5561,2.0,3.0,0.8,0.6,0.2,1,0.1,10,10,0.5057419204297579
5562,2.0,3.0,0.8,0.6,0.3,1,0.1,10,10,0.5391922593376991
5563,2.0,3.0,0.8,0.6,0.4,1,0.1,10,10,0.5752396367931341
5564,2.0,3.0,0.8,0.8,0.1,1,0.1,10,10,0.4734577261084197
5565,2.0,3.0,0.8,0.8,0.2,1,0.1,10,10,0.5044740652084424
5566,2.0,3.0,0.8,0.8,0.3,1,0.1,10,10,0.5378504486779462
5567,2.0,3.0,0.8,0.8,0.4,1,0.1,10,10,0.5738044617539313
5568,2.0,3.0,0.9,0.2,0.1,1,0.1,10,10,0.4141518728961627
5569,2.0,3.0,0.9,0.2,0.2,1,0.1,10,10,0.44106191141341855
5570,2.0,3.0,0.9,0.2,0.3,1,0.1,10,10,0.4700437806470428
5571,2.0,3.0,0.9,0.2,0.4,1,0.1,10,10,0.5012946869524606
5572,2.0,3.0,0.9,0.4,0.1,1,0.1,10,10,0.4131144546281567
5573,2.0,3.0,0.9,0.4,0.2,1,0.1,10,10,0.4400213644000108
5574,2.0,3.0,0.9,0.4,0.3,1,0.1,10,10,0.4689897588207237
5575,2.0,3.0,0.9,0.4,0.4,1,0.1,10,10,0.5002136206284028
5576,2.0,3.0,0.9,0.6,0.1,1,0.1,10,10,0.4120020288249986
5577,2.0,3.0,0.9,0.6,0.2,1,0.1,10,10,0.4388756126745189
5578,2.0,3.0,0.9,0.6,0.3,1,0.1,10,10,0.4677987729279088
5579,2.0,3.0,0.9,0.6,0.4,1,0.1,10,10,0.498962297912414
5580,2.0,3.0,0.9,0.8,0.1,1,0.1,10,10,0.410835535420823
5581,2.0,3.0,0.9,0.8,0.2,1,0.1,10,10,0.43764559382919693
5582,2.0,3.0,0.9,0.8,0.3,1,0.1,10,10,0.4664923347979693
5583,2.0,3.0,0.9,0.8,0.4,1,0.1,10,10,0.4975635570059454
5584,2.0,3.0,1.0,0.2,0.1,1,0.1,10,10,0.3569793064137109
5585,2.0,3.0,1.0,0.2,0.2,1,0.1,10,10,0.38002632956243104
5586,2.0,3.0,1.0,0.2,0.3,1,0.1,10,10,0.4048357113591432
5587,2.0,3.0,1.0,0.2,0.4,1,0.1,10,10,0.43157388433934735
5588,2.0,3.0,1.0,0.4,0.1,1,0.1,10,10,0.3560111593270688
5589,2.0,3.0,1.0,0.4,0.2,1,0.1,10,10,0.3790581171798561
5590,2.0,3.0,1.0,0.4,0.3,1,0.1,10,10,0.4038599122925118
5591,2.0,3.0,1.0,0.4,0.4,1,0.1,10,10,0.4305806091504052
5592,2.0,3.0,1.0,0.6,0.1,1,0.1,10,10,0.3549635871899213
5593,2.0,3.0,1.0,0.6,0.2,1,0.1,10,10,0.3779755748175835
5594,2.0,3.0,1.0,0.6,0.3,1,0.1,10,10,0.4027329644426983
5595,2.0,3.0,1.0,0.6,0.4,1,0.1,10,10,0.4293974156572455
5596,2.0,3.0,1.0,0.8,0.1,1,0.1,10,10,0.3538619468747692
5597,2.0,3.0,1.0,0.8,0.2,1,0.1,10,10,0.37680444165399657
5598,2.0,3.0,1.0,0.8,0.3,1,0.1,10,10,0.4014816691218669
5599,2.0,3.0,1.0,0.8,0.4,1,0.1,10,10,0.4280529610808659
